"distance"	"TGL48_0001_Ct_T_PE_312_WG"	"TGL48_0001_Ct_T_PE_321_WG"	"TGL48_0001_Ct_T_PE_324_WG"	"TGL48_0001_Ct_T_PE_326_WG"	"TGL48_0001_Ct_T_PE_327_WG"	"TGL48_0002_Ct_T_PE_316_WG"	"TGL48_0002_Ct_T_PE_317_WG"	"TGL48_0002_Ct_T_PE_321_WG"	"TGL48_0002_Ct_T_PE_322_WG"	"TGL48_0002_Ct_T_PE_333_WG"	"TGL48_0003_Ct_T_PE_309_WG"	"TGL48_0003_Ct_T_PE_314_WG"	"TGL48_0003_Ct_T_PE_326_WG"	"TGL48_0003_Ct_T_PE_328_WG"	"TGL48_0004_Ct_T_PE_317_WG"	"TGL48_0004_Ct_T_PE_324_WG"	"TGL48_0004_Ct_T_PE_327_WG"	"TGL48_0004_Ct_T_PE_334_WG"	"TGL48_0005_Ct_T_PE_322_WG"	"TGL48_0005_Ct_T_PE_323_WG"	"TGL48_0005_Ct_T_PE_327_WG"	"TGL48_0005_Ct_T_PE_330_WG"	"TGL48_0006_Ct_T_PE_317_WG"	"TGL48_0006_Ct_T_PE_327_WG"	"TGL48_0006_Ct_T_PE_331_WG"	"TGL48_0006_Ct_T_PE_332_WG"	"TGL48_0006_Ct_T_PE_333_WG"	"TGL48_0007_Ct_T_PE_320_WG"	"TGL48_0007_Ct_T_PE_321_WG"	"TGL48_0007_Ct_T_PE_324_WG"	"TGL48_0007_Ct_T_PE_328_WG"	"TGL48_0008_Ct_T_PE_321_WG"	"TGL48_0009_Ct_T_PE_320_WG"	"TGL48_0009_Ct_T_PE_327_WG"	"TGL48_0009_Ct_T_PE_328_WG"	"TGL48_0009_Ct_T_PE_329_WG"	"TGL48_0010_Ct_T_PE_328_WG"	"TGL48_0010_Ct_T_PE_329_WG"	"TGL48_0010_Ct_T_PE_330_WG"	"TGL48_0010_Ct_T_PE_333_WG"	"TGL48_0010_Ct_T_PE_335_WG"	"TGL48_0011_Ct_T_PE_315_WG"	"TGL48_0011_Ct_T_PE_319_WG"	"TGL48_0011_Ct_T_PE_322_WG"	"TGL48_0011_Ct_T_PE_324_WG"	"TGL48_0011_Ct_T_PE_325_WG"
-990	0.98267	0.96574	0.98895	0.99095	0.97665	0.9811	0.99396	0.98239	0.9738	0.97955	0.9846	0.98516	0.9725	0.98193	0.97948	0.98094	0.97591	0.97252	0.97498	0.98308	0.97465	0.96914	0.98432	0.97021	0.98267	0.9798	0.98585	0.99113	0.97226	0.99184	0.97952	0.98654	0.99293	0.98578	0.97727	0.99319	0.9976	0.97069	0.97838	0.97835	0.98273	1.00113	0.97609	0.9758	0.98156	0.98554
-975	0.97399	0.96217	0.98038	0.97648	0.96577	0.97261	0.98665	0.97753	0.96681	0.9744	0.97886	0.97322	0.963	0.97289	0.9675	0.97685	0.96296	0.96549	0.96717	0.97535	0.96609	0.96431	0.97459	0.96212	0.97149	0.96795	0.97342	0.98889	0.96206	0.98888	0.96729	0.96956	0.98834	0.9723	0.96655	0.97893	0.98231	0.96779	0.9705	0.97381	0.97766	0.9843	0.96514	0.97016	0.97046	0.97407
-960	0.96884	0.96135	0.97875	0.96334	0.95999	0.96663	0.97792	0.96656	0.96418	0.96736	0.96936	0.96653	0.95066	0.96221	0.96098	0.97154	0.95933	0.96659	0.96108	0.97114	0.96125	0.96169	0.96467	0.96713	0.96589	0.96807	0.96721	0.97779	0.95042	0.97676	0.95941	0.95902	0.9815	0.97205	0.95557	0.96855	0.97488	0.96376	0.96536	0.96709	0.97149	0.98134	0.96307	0.96703	0.96334	0.96435
-945	0.96716	0.96784	0.97832	0.953	0.96374	0.96417	0.97505	0.96777	0.9625	0.97121	0.97096	0.96546	0.95049	0.96069	0.96459	0.97538	0.95812	0.97003	0.96617	0.97335	0.95972	0.96412	0.96438	0.96653	0.96473	0.97383	0.96544	0.9714	0.9485	0.97076	0.95552	0.95532	0.97795	0.98022	0.95525	0.96985	0.97112	0.96168	0.96882	0.96699	0.97337	0.98562	0.96546	0.97451	0.9568	0.96386
-930	0.97296	0.98082	0.98411	0.95819	0.96619	0.96909	0.97514	0.97627	0.96838	0.97147	0.97589	0.97109	0.95033	0.97125	0.96756	0.98364	0.96369	0.97922	0.9721	0.97213	0.96766	0.97247	0.96844	0.97847	0.96924	0.97694	0.96693	0.97385	0.95345	0.96847	0.95916	0.95825	0.97556	0.98682	0.95992	0.97427	0.96811	0.96663	0.97595	0.97041	0.97783	0.9923	0.97103	0.98531	0.95849	0.96324
-915	0.98067	0.98649	0.99743	0.95956	0.97611	0.97078	0.98326	0.98542	0.97867	0.98445	0.97995	0.98772	0.96383	0.98351	0.97838	0.99658	0.96968	0.9943	0.97994	0.97829	0.98028	0.97792	0.97595	0.98386	0.98091	0.98621	0.97706	0.9763	0.96658	0.97121	0.9724	0.97195	0.97806	0.99375	0.97142	0.98445	0.97351	0.97194	0.98744	0.97827	0.99379	1.00388	0.96908	1.00016	0.96606	0.97731
-900	0.98822	0.9934	1.00122	0.96859	0.99212	0.9849	0.99395	0.99196	0.98704	0.99627	0.99488	0.99923	0.98259	0.99647	0.99162	1.00409	0.97519	1.00924	0.99297	0.98295	0.99246	0.98131	0.98659	0.99542	0.9881	0.99982	0.98601	0.98706	0.98957	0.98015	0.97936	0.98683	0.99055	1.00242	0.98515	0.99242	0.98644	0.98208	0.99848	0.99644	1.00169	1.01063	0.98683	1.00641	0.98053	0.99113
-885	0.99575	0.99825	1.0101	0.98589	1.01023	0.99174	1.00157	0.9957	0.99427	1.01072	1.00753	1.01343	1.00219	1.0126	1.00505	1.01257	0.98737	1.01903	1.00067	0.99048	1.00214	0.9913	0.99659	1.00641	0.99532	1.02135	1.00229	0.99267	1.01017	0.99168	0.98751	1.00046	1.00446	1.01143	1.00033	1.00464	0.99538	0.98589	1.00484	1.00349	1.01134	1.02139	1.00042	1.01895	0.99443	0.99859
-870	1.00333	0.99768	1.01539	0.99938	1.01935	0.99255	1.00883	1.00486	1.00187	1.01866	1.01553	1.02131	1.01171	1.02311	1.00925	1.01831	0.99271	1.02404	1.00951	0.98933	1.01248	0.99939	1.01012	1.0197	1.00801	1.02684	1.008	1.0095	1.01559	1.00266	0.99912	1.01705	1.01341	1.01405	1.01517	1.01372	1.00536	0.99826	1.0174	1.01168	1.01706	1.02601	1.01334	1.02098	1.00509	1.00319
-855	1.00324	0.99413	1.01067	1.01078	1.02232	0.9949	1.00932	0.99972	1.004	1.01635	1.01724	1.01912	1.01477	1.01756	1.00737	1.01523	0.99612	1.01833	1.00952	0.99225	1.01483	1.00003	1.01133	1.01529	1.00878	1.02848	1.00923	1.01492	1.02575	1.00028	1.0005	1.02258	1.01787	1.01441	1.01365	1.01498	1.00527	1.00689	1.0127	1.01013	1.0165	1.01327	1.01238	1.01688	1.00947	0.99599
-840	0.994	0.98283	1.00347	1.01499	1.01634	0.99091	1.00608	0.99775	1.00124	1.00904	1.01252	1.00963	1.01092	1.00842	0.99972	1.00964	0.9927	1.01168	1.00267	0.98652	1.0083	0.9898	1.00555	1.00636	1.00857	1.01915	1.00284	1.01511	1.01948	0.99827	0.99503	1.01593	1.01377	0.99798	1.00324	1.00737	0.99994	1.00687	1.01051	1.0026	1.01297	1.00208	1.00861	1.0082	1.00202	0.98118
-825	0.98764	0.96981	0.9951	1.01281	0.99992	0.9851	0.99759	0.99092	0.99812	0.99586	0.99884	0.99521	0.9979	0.98667	0.98345	0.99374	0.9818	0.99531	0.99186	0.98127	0.99448	0.98132	0.9967	0.99444	0.99554	1.00247	0.99008	1.00556	1.00233	0.9889	0.9917	1.00604	1.00147	0.98545	0.99099	0.98874	0.98624	1.00278	1.00207	0.98952	1.0023	0.98571	1.00062	0.99421	0.98843	0.96552
-810	0.97245	0.95683	0.98234	0.99736	0.98317	0.97753	0.98466	0.97451	0.98593	0.97852	0.9799	0.98161	0.9809	0.96344	0.96771	0.97178	0.97277	0.98232	0.97294	0.96685	0.97593	0.97266	0.98425	0.98496	0.98381	0.984	0.97895	0.98938	0.98165	0.978	0.98414	0.98593	0.9883	0.97835	0.97331	0.97314	0.97697	0.98968	0.98556	0.97654	0.98306	0.96496	0.98936	0.9705	0.97635	0.94934
-795	0.95932	0.94961	0.9661	0.98246	0.96432	0.95808	0.96887	0.96309	0.97082	0.96225	0.96856	0.96209	0.97004	0.95204	0.95684	0.95727	0.95699	0.96128	0.95806	0.95988	0.95647	0.96325	0.97007	0.97612	0.96964	0.9658	0.96321	0.97185	0.96759	0.95854	0.96921	0.96959	0.97338	0.97019	0.96308	0.96455	0.96309	0.97867	0.96859	0.96288	0.96105	0.94629	0.96943	0.95041	0.9602	0.94337
-780	0.95086	0.93794	0.95961	0.96633	0.94844	0.95047	0.95791	0.96127	0.96178	0.94576	0.95517	0.94692	0.95973	0.94409	0.94828	0.9487	0.94816	0.94714	0.94848	0.953	0.94529	0.95909	0.96383	0.9675	0.95533	0.94784	0.95034	0.96171	0.95812	0.94466	0.95982	0.95397	0.95961	0.95795	0.95448	0.95805	0.95389	0.96726	0.95753	0.95324	0.95042	0.92884	0.94814	0.93774	0.94895	0.93596
-765	0.94718	0.93427	0.95061	0.95812	0.95107	0.94658	0.95271	0.95349	0.95575	0.94649	0.9506	0.94518	0.96113	0.93998	0.94979	0.9433	0.94489	0.94398	0.94329	0.94847	0.94073	0.96189	0.9597	0.96051	0.95352	0.9413	0.94769	0.94927	0.95806	0.94007	0.95375	0.94175	0.95482	0.94943	0.95305	0.95252	0.95508	0.95105	0.95101	0.95313	0.95072	0.93536	0.93895	0.93189	0.94966	0.94976
-750	0.95627	0.93993	0.9483	0.9596	0.95801	0.9546	0.95579	0.95301	0.95287	0.95017	0.95746	0.952	0.95781	0.94634	0.95753	0.94514	0.94352	0.94985	0.95039	0.96062	0.94799	0.96641	0.96682	0.96796	0.95825	0.94426	0.94552	0.95204	0.95963	0.94044	0.9552	0.93918	0.96188	0.95143	0.95738	0.95132	0.96498	0.95128	0.95093	0.9638	0.95176	0.94299	0.95605	0.94094	0.95751	0.96039
-735	0.9669	0.95134	0.96212	0.97145	0.97425	0.9657	0.96231	0.96267	0.95939	0.96209	0.96914	0.9685	0.96241	0.96954	0.97311	0.96136	0.96029	0.96307	0.96234	0.97349	0.96091	0.97585	0.97735	0.97763	0.96346	0.95595	0.96257	0.95368	0.96957	0.94921	0.96721	0.94542	0.96944	0.9574	0.97317	0.96142	0.97947	0.95755	0.9633	0.97584	0.95649	0.96015	0.97029	0.9636	0.97207	0.98182
-720	0.98336	0.97318	0.97041	0.98009	0.99301	0.97843	0.97697	0.98538	0.9733	0.97706	0.9832	0.98396	0.97116	0.99074	0.98855	0.97815	0.97363	0.9822	0.98074	0.98948	0.97962	0.9892	0.99674	0.98825	0.98004	0.96652	0.98074	0.97505	0.9815	0.96797	0.98109	0.96394	0.97837	0.96884	0.99125	0.97948	0.99785	0.97835	0.98153	0.99298	0.97357	0.97395	0.99091	0.98689	0.98869	0.99678
-705	0.99723	0.99195	0.98202	0.99656	1.01062	0.99678	0.99277	1.00138	0.98725	0.99514	0.99751	1.0008	0.98614	1.00303	1.00216	0.99472	0.98991	0.99616	0.99402	1.00567	0.99521	0.99996	1.00731	1.00035	0.99049	0.98563	1.00379	0.98821	1.00001	0.98777	0.99237	0.98277	1.00206	0.9873	1.00673	0.9967	1.00971	1.00064	0.99324	1.00526	0.98461	0.99414	1.00368	1.0139	1.00084	1.0119
-690	1.00717	1.00922	0.99655	1.01238	1.02209	1.00847	1.0094	1.01437	0.99976	1.00752	1.01048	1.01413	0.99747	1.0152	1.01025	1.0086	1.00503	1.01475	1.00281	1.01075	1.00794	1.00244	1.01366	1.0113	1.00496	0.99734	1.02332	1.00471	1.00779	1.00878	1.0011	0.99836	1.01479	0.99516	1.01429	1.01062	1.01705	1.01692	1.00902	1.01154	0.99555	1.00656	1.01626	1.03234	1.00454	1.01631
-675	1.01419	1.01591	1.0066	1.02161	1.02393	1.01275	1.01641	1.02108	1.00533	1.01414	1.01433	1.01759	1.00267	1.01541	1.01004	1.00421	1.00965	1.01733	1.00331	1.01322	1.01128	1.00927	1.00666	1.017	1.0117	1.00605	1.03067	1.00832	1.00649	1.01683	1.01328	1.00375	1.01948	1.00369	1.01607	1.00763	1.01978	1.02215	1.01401	1.01315	1.00391	1.01159	1.02201	1.03647	1.00435	1.01475
-660	1.00814	1.01159	0.99619	1.01141	1.01392	1.01006	1.01609	1.01194	1.00159	1.01056	1.00514	1.01063	1.0046	1.00828	0.99948	0.99629	1.00411	1.01125	0.99573	1.0026	1.00259	1.0028	0.9988	1.00553	1.00906	1.00356	1.02985	1.00084	1.00846	1.02097	1.00996	1.0042	1.01583	1.00477	1.01449	1.00199	1.01399	1.02246	1.00468	1.00663	0.99732	1.00035	1.01141	1.02768	0.99983	1.00133
-645	0.99817	0.99914	0.98492	0.99169	0.99273	0.99047	1.00059	0.99718	0.99192	0.99766	0.99247	0.98689	0.99925	0.9951	0.98652	0.98887	0.99215	0.99956	0.9834	0.99095	0.98772	0.98849	0.98196	0.99709	0.99316	0.99261	1.00959	0.99329	0.99817	1.00435	0.99242	0.99314	1.00213	0.99426	1.00826	0.9924	0.99332	1.00653	0.99014	0.98515	0.98331	0.98068	0.99444	1.01702	0.98214	0.99078
-630	0.98224	0.97828	0.97166	0.96494	0.97001	0.9755	0.97993	0.97351	0.98033	0.97694	0.97331	0.96214	0.98499	0.98117	0.97115	0.97818	0.97437	0.97954	0.96717	0.97076	0.96658	0.97122	0.96709	0.98047	0.9716	0.97774	0.98183	0.98219	0.97796	0.98618	0.97373	0.97525	0.98712	0.97746	0.99661	0.97404	0.97128	0.9809	0.97112	0.96678	0.96551	0.96311	0.96882	0.99602	0.96404	0.97362
-615	0.96254	0.95979	0.94766	0.9465	0.95327	0.95647	0.9542	0.95057	0.96457	0.95353	0.95414	0.94313	0.96385	0.961	0.95583	0.96324	0.95896	0.95446	0.94741	0.9521	0.94843	0.95681	0.95403	0.96122	0.95217	0.96164	0.94738	0.96394	0.95844	0.96538	0.95157	0.95264	0.965	0.9591	0.97648	0.95016	0.95125	0.95638	0.95575	0.95161	0.94628	0.94655	0.94938	0.95846	0.94847	0.9601
-600	0.94974	0.94283	0.93712	0.92905	0.93271	0.94407	0.93566	0.92527	0.95091	0.93564	0.93981	0.92962	0.94609	0.94364	0.94374	0.95314	0.94282	0.93799	0.93729	0.94497	0.94028	0.94481	0.94567	0.94298	0.93501	0.94438	0.92013	0.95096	0.94004	0.93841	0.9394	0.93491	0.9484	0.94498	0.95892	0.93884	0.93602	0.93969	0.94262	0.94113	0.93113	0.92116	0.93795	0.94397	0.93624	0.9452
-585	0.93739	0.9383	0.92828	0.92178	0.92913	0.938	0.93094	0.9176	0.94611	0.9276	0.93209	0.92385	0.94453	0.94059	0.93873	0.9496	0.93419	0.93252	0.93402	0.93838	0.9335	0.93875	0.9449	0.93573	0.92299	0.93428	0.91911	0.94276	0.92972	0.92458	0.93113	0.92357	0.94064	0.93754	0.95231	0.93399	0.93004	0.93445	0.93556	0.93856	0.91925	0.91282	0.92568	0.932	0.93363	0.9472
-570	0.93918	0.94539	0.93196	0.92529	0.93578	0.94285	0.94162	0.92957	0.95003	0.92892	0.93711	0.92632	0.94782	0.9408	0.94316	0.94818	0.92849	0.93559	0.94056	0.94553	0.93551	0.94022	0.95084	0.93577	0.92786	0.94282	0.9282	0.94649	0.92774	0.92741	0.9353	0.93244	0.93902	0.94756	0.951	0.94317	0.93408	0.9407	0.93914	0.94252	0.93207	0.91757	0.93022	0.93071	0.94482	0.94468
-555	0.95182	0.95975	0.94393	0.94067	0.954	0.95694	0.95694	0.94225	0.95703	0.9444	0.95337	0.94061	0.95263	0.94987	0.95378	0.95355	0.93856	0.95684	0.95212	0.95754	0.94486	0.95599	0.96374	0.95399	0.94321	0.95548	0.946	0.94958	0.9433	0.94397	0.95138	0.94819	0.9568	0.96556	0.96311	0.95921	0.94983	0.95387	0.94991	0.95596	0.93735	0.94019	0.94543	0.95022	0.95578	0.96455
-540	0.97064	0.98231	0.96307	0.9678	0.98315	0.97481	0.97679	0.95696	0.97171	0.96068	0.97511	0.95825	0.97223	0.96399	0.9726	0.96415	0.95903	0.98051	0.97126	0.9737	0.96658	0.97431	0.97829	0.97108	0.96674	0.9724	0.97231	0.96246	0.96361	0.96498	0.96935	0.96802	0.97237	0.98564	0.97513	0.97599	0.97073	0.97008	0.97069	0.97629	0.96081	0.95981	0.96337	0.96832	0.96949	0.981
-525	0.98401	1.00778	0.97962	0.98927	1.0074	0.98485	1.00065	0.97833	0.98353	0.98006	0.9963	0.97667	0.98307	0.98235	0.98622	0.97274	0.97365	0.99204	0.98843	0.98798	0.98582	0.99731	0.99165	0.992	0.99815	0.9879	0.99034	0.98013	0.9829	0.98353	0.99439	0.98176	0.99372	1.00763	0.98701	0.99096	0.99583	0.98915	0.98947	0.99727	0.99204	0.97805	0.97913	0.98656	0.99068	0.9966
-510	0.99902	1.02274	0.98445	1.00133	1.01558	0.99694	1.01265	1.00094	0.9961	0.99723	1.01009	0.9914	0.99539	0.99466	0.99479	0.98527	0.9845	1.00478	1.00597	1.00407	0.99897	1.00741	1.00766	0.99666	1.01112	0.99856	1.00991	0.99442	0.99988	1.00082	1.00657	1.00401	1.00145	1.0185	0.99937	1.00564	1.01186	1.00756	1.00635	1.01207	1.00688	0.99049	0.995	1.00608	1.00634	1.00889
-495	1.00806	1.02467	0.99349	1.00644	1.01664	1.00375	1.01617	1.01078	1.00355	1.00594	1.01522	0.99633	1.00113	0.99842	0.99664	0.99051	1.00128	1.00978	1.01292	1.00949	1.00356	1.011	1.00931	1.00737	1.01162	1.00038	1.01196	1.00561	1.00299	1.0064	1.01039	1.01047	1.00491	1.02327	1.00295	1.01214	1.01322	1.00926	1.00919	1.01108	1.01086	0.99863	1.00338	1.01717	1.00824	1.015
-480	1.00513	1.02204	0.99738	1.00857	1.01151	1.00447	1.01009	0.99984	1.00257	0.99928	1.00898	0.99574	0.9948	0.99922	0.99441	0.98531	1.00125	0.99579	1.00277	1.00466	0.99942	1.00744	1.00191	1.00032	1.00669	0.99421	1.00068	1.01053	0.99543	1.00398	1.00403	1.00233	1.00142	1.01321	0.99903	1.0054	1.00371	1.00533	1.00432	1.00574	1.00116	0.99851	0.99799	1.00487	0.99962	1.01054
-465	0.98771	1.00525	0.98719	1.00188	0.99778	0.99682	0.99106	0.99201	0.99367	0.98485	0.99039	0.98764	0.97712	0.99091	0.98219	0.97179	0.99614	0.97822	0.98676	0.99373	0.98805	0.98947	0.98954	0.97752	0.98884	0.97392	0.98248	1.00111	0.98717	0.99133	0.98704	0.98452	0.98714	0.99745	0.98142	0.99308	0.98823	0.99533	0.99628	0.98777	0.98191	0.98687	0.98356	0.97402	0.98608	0.99078
-450	0.97089	0.98113	0.96758	0.99101	0.97576	0.97455	0.9719	0.96596	0.98224	0.96619	0.96786	0.97358	0.95715	0.97587	0.96664	0.96048	0.97749	0.95466	0.96704	0.97925	0.97252	0.97579	0.96819	0.95624	0.96946	0.95073	0.96085	0.98734	0.96995	0.96751	0.96862	0.96259	0.97286	0.97213	0.95879	0.97786	0.96263	0.98094	0.97255	0.96236	0.96082	0.96024	0.96619	0.95648	0.96862	0.96883
-435	0.95	0.96118	0.94319	0.97206	0.95539	0.95006	0.95597	0.94907	0.9665	0.947	0.94374	0.95579	0.93877	0.95651	0.94521	0.94403	0.9607	0.93516	0.94706	0.95887	0.94695	0.9559	0.94553	0.93981	0.94887	0.92895	0.94649	0.96687	0.9526	0.94462	0.949	0.94446	0.9543	0.94773	0.93135	0.95091	0.94817	0.96127	0.94658	0.93248	0.94112	0.93898	0.94681	0.93406	0.95081	0.9434
-420	0.93316	0.9421	0.93255	0.95508	0.93552	0.93743	0.94418	0.93992	0.95466	0.9305	0.93137	0.94313	0.92301	0.93999	0.93053	0.92679	0.93973	0.92051	0.92882	0.94318	0.92596	0.94212	0.927	0.92751	0.93884	0.91985	0.93284	0.94433	0.93307	0.92928	0.93189	0.93034	0.93385	0.93027	0.91447	0.9315	0.92895	0.94266	0.92365	0.90829	0.92709	0.92944	0.93794	0.91949	0.93936	0.92742
-405	0.93065	0.93568	0.92852	0.9385	0.92979	0.93174	0.93237	0.9321	0.94834	0.92875	0.924	0.9367	0.91133	0.93109	0.92236	0.92052	0.93311	0.92594	0.91982	0.9381	0.91889	0.93752	0.92359	0.92425	0.93471	0.91675	0.92374	0.93116	0.9349	0.92843	0.92458	0.92208	0.92872	0.92245	0.90765	0.92058	0.92492	0.93116	0.91318	0.90022	0.9184	0.92557	0.93343	0.92018	0.92584	0.92693
-390	0.93515	0.93962	0.93305	0.93607	0.93264	0.93677	0.9359	0.93369	0.94978	0.93515	0.93248	0.945	0.92317	0.93885	0.92849	0.92471	0.93992	0.92877	0.92499	0.94446	0.92429	0.94733	0.93036	0.93027	0.94192	0.92974	0.93708	0.93514	0.94486	0.937	0.92627	0.92835	0.93781	0.92728	0.91734	0.92784	0.93085	0.9337	0.92184	0.90716	0.92673	0.92673	0.93673	0.93398	0.93578	0.92706
-375	0.94935	0.95597	0.95324	0.9358	0.94565	0.94908	0.94803	0.94953	0.95689	0.95178	0.94817	0.96311	0.93682	0.94676	0.94155	0.94195	0.95011	0.94033	0.93927	0.95225	0.93961	0.95984	0.94565	0.94759	0.95649	0.94722	0.95108	0.94649	0.9566	0.94734	0.94215	0.9428	0.95597	0.94467	0.93614	0.94319	0.94799	0.95323	0.94173	0.9216	0.94312	0.9331	0.95099	0.95299	0.94969	0.93561
-360	0.9736	0.97476	0.97277	0.9476	0.96043	0.96616	0.9609	0.97344	0.97115	0.97911	0.97185	0.97815	0.96741	0.96421	0.95988	0.96749	0.96776	0.95939	0.96776	0.97156	0.95796	0.97338	0.96671	0.96451	0.96543	0.97208	0.97561	0.95952	0.97404	0.97319	0.95774	0.96871	0.97495	0.95993	0.95826	0.96216	0.9692	0.97532	0.96354	0.94891	0.96365	0.95054	0.97429	0.97489	0.9668	0.95608
-345	0.99338	0.98828	0.99077	0.96001	0.97725	0.98125	0.97998	0.99306	0.98802	0.99883	0.98681	0.99256	0.99233	0.97548	0.97441	0.98652	0.99019	0.97475	0.98411	0.98644	0.97718	0.98681	0.97989	0.98679	0.97627	0.98665	0.99276	0.97398	0.98314	0.99235	0.97462	0.98783	0.99633	0.98031	0.97834	0.98453	0.98727	0.99169	0.98281	0.97148	0.9797	0.96803	0.99337	0.98883	0.98349	0.97121
-330	1.00268	1.00028	1.00459	0.9789	0.98687	0.99633	0.99261	1.00049	0.99672	1.01018	0.99974	0.99903	1.00411	0.98906	0.99312	1.0029	1.00423	0.98809	0.99445	0.99701	0.99507	0.99205	0.98866	0.99669	0.98296	0.99601	1.00088	0.98636	0.98866	1.01045	0.98627	0.99577	1.01112	0.99532	0.99506	0.99808	0.99532	1.0062	1.00524	0.99132	0.98933	0.98416	1.00934	1.00132	0.98964	0.98163
-315	1.00435	1.00311	1.00853	0.99076	0.99216	1.00458	0.99238	1.00636	1.00129	1.0131	1.0029	0.9944	1.00634	0.99968	1.00187	1.00976	1.01542	0.99583	0.99844	0.99888	1.00137	0.98406	0.99319	1.0048	0.99005	0.99234	1.00137	0.99027	0.99681	1.01259	0.99216	1.00123	1.01688	1.00596	1.00292	1.0035	0.99298	1.01525	1.01406	1.00185	0.99007	0.99796	1.00967	0.99663	0.9951	0.98776
-300	0.99643	0.99468	0.99604	0.99924	0.98844	0.99625	0.98364	0.99677	0.9991	1.00394	0.99171	0.98644	0.99691	0.99596	1.00139	1.01388	1.00797	0.99224	0.99252	0.99867	0.9956	0.98005	0.98864	1.00446	0.99366	0.98543	0.9876	0.98396	0.9907	1.00586	0.99035	0.99748	1.00837	1.0011	0.9982	0.99171	0.98072	1.01277	1.00753	1.00139	0.98409	0.99739	1.01388	0.98846	0.98968	0.98884
-285	0.97954	0.98251	0.97794	0.99436	0.97669	0.98038	0.96839	0.9822	0.98674	0.9872	0.97525	0.96816	0.97961	0.97911	0.98996	1.0027	0.99625	0.98039	0.97752	0.98271	0.97796	0.96803	0.9746	0.9907	0.97882	0.96813	0.97451	0.97285	0.97982	0.99164	0.97891	0.98369	0.99278	0.99131	0.9788	0.97266	0.97164	0.99156	0.9946	0.98546	0.97665	0.98208	1.00839	0.96684	0.97361	0.97623
-270	0.95468	0.96476	0.95498	0.98323	0.95721	0.96214	0.94926	0.96259	0.97372	0.96121	0.95691	0.9472	0.95771	0.9633	0.97228	0.97787	0.97191	0.9655	0.95719	0.95898	0.95986	0.95033	0.96139	0.97226	0.9656	0.94611	0.9511	0.9566	0.95866	0.97092	0.96047	0.9619	0.97351	0.97052	0.9602	0.95205	0.95044	0.97629	0.97388	0.96895	0.95728	0.97181	0.98965	0.94549	0.95342	0.96845
-255	0.93465	0.95087	0.93713	0.96269	0.93785	0.94524	0.93105	0.94281	0.95951	0.94183	0.93625	0.9256	0.93424	0.94276	0.95386	0.95321	0.94947	0.95388	0.93763	0.94026	0.94433	0.92764	0.94577	0.94765	0.94768	0.93047	0.92755	0.94457	0.94276	0.95239	0.94438	0.94444	0.95224	0.95177	0.94127	0.93547	0.93131	0.95402	0.95387	0.95094	0.94832	0.95862	0.9666	0.92848	0.93159	0.95248
-240	0.91968	0.93561	0.92433	0.95242	0.92907	0.93464	0.92099	0.92394	0.94294	0.92921	0.91904	0.91665	0.92549	0.93243	0.9387	0.92955	0.9361	0.94167	0.9217	0.9303	0.92504	0.9212	0.93513	0.92413	0.93434	0.91825	0.92414	0.93528	0.93729	0.93156	0.9321	0.93235	0.93488	0.9356	0.92826	0.928	0.91924	0.94053	0.93819	0.93333	0.93572	0.94515	0.94808	0.92597	0.92503	0.92702
-225	0.91889	0.93065	0.92423	0.94076	0.93417	0.93981	0.91688	0.91933	0.93545	0.92443	0.91563	0.92024	0.93145	0.92381	0.93324	0.92381	0.92496	0.93789	0.91955	0.9241	0.91913	0.92468	0.93456	0.91407	0.92745	0.92696	0.92275	0.92764	0.92987	0.9171	0.92749	0.93289	0.92849	0.93153	0.92202	0.92602	0.92221	0.93557	0.93449	0.9184	0.94044	0.94325	0.94243	0.92473	0.9146	0.92021
-210	0.93093	0.9401	0.93081	0.94416	0.94641	0.94407	0.92932	0.92929	0.93849	0.93589	0.92934	0.92932	0.94521	0.92984	0.9365	0.93283	0.92697	0.94315	0.93344	0.93305	0.92585	0.93802	0.94699	0.9168	0.92974	0.94284	0.93462	0.92884	0.9325	0.92756	0.93114	0.94238	0.9354	0.93445	0.92713	0.93622	0.93853	0.93486	0.93653	0.92563	0.95158	0.94378	0.93856	0.93933	0.92619	0.92995
-195	0.9492	0.95288	0.93957	0.94985	0.96354	0.96413	0.95058	0.95381	0.94947	0.95237	0.9449	0.94772	0.95899	0.94213	0.94788	0.94635	0.94298	0.95715	0.94761	0.95188	0.94132	0.9572	0.96198	0.93444	0.94223	0.95535	0.94851	0.94068	0.93894	0.94369	0.94519	0.95735	0.94675	0.94503	0.93818	0.95832	0.95717	0.94448	0.94854	0.93872	0.96575	0.95219	0.94922	0.95674	0.94519	0.9377
-180	0.9684	0.96699	0.95918	0.97012	0.97888	0.99235	0.97591	0.97621	0.96114	0.97545	0.97062	0.97232	0.97427	0.96075	0.97011	0.96802	0.96161	0.97395	0.97273	0.96965	0.96454	0.97523	0.98373	0.9615	0.95715	0.97886	0.9754	0.95499	0.9518	0.9722	0.9554	0.97884	0.96394	0.96685	0.95491	0.97933	0.97613	0.96541	0.96579	0.95621	0.98615	0.96814	0.96242	0.9859	0.96819	0.9535
-165	0.98714	0.98758	0.98532	0.98749	0.99985	1.01313	0.99288	0.99643	0.98123	0.99574	0.99263	0.99364	0.99364	0.98045	0.99044	0.98549	0.98048	0.98956	0.99023	0.98866	0.98369	0.98836	1.00222	0.98575	0.97913	0.99609	1.00111	0.97065	0.96432	0.98776	0.97024	1.00286	0.97966	0.98262	0.97377	0.99586	0.98974	0.97857	0.97736	0.97864	0.99813	0.98836	0.97836	1.00521	0.9965	0.97541
-150	0.99612	0.99927	1.00204	1.00139	1.00622	1.0315	1.00308	1.00943	0.99712	1.01075	0.99883	1.01552	1.00719	0.99761	1.00089	1.0009	0.99188	1.00238	1.00147	1.00726	0.99675	1.00009	1.0123	1.00256	1.00193	1.00717	1.00961	0.98041	0.97748	0.99758	0.9802	1.01154	0.99075	0.99351	0.98378	1.00772	0.99858	0.99218	0.98977	0.99237	1.00291	1.00103	0.99755	1.01534	1.01423	0.99236
-135	0.99924	1.00323	1.0083	1.00856	1.00065	1.03594	1.00727	1.0167	1.00483	1.0181	1.00393	1.02341	1.01155	1.01428	1.0048	1.00466	0.99416	1.00083	1.00717	1.01138	1.00172	1.00793	1.01368	1.0159	1.00854	1.00976	1.0174	0.9878	0.98478	1.0004	0.98539	1.01308	0.99524	1.00128	0.98762	1.0103	1.00485	0.99281	1.00157	1.00147	1.01152	1.00094	1.00863	1.02234	1.02163	0.99883
-120	0.99616	0.99748	1.0001	1.00813	0.98686	1.02581	1.0005	1.01284	1.00591	1.01169	0.99851	1.01903	1.00222	1.01308	1.00046	0.99613	0.99299	0.99384	1.00154	1.00493	1.00296	0.99595	1.00591	1.01505	1.00203	1.0001	1.0101	0.98818	0.97639	0.98644	0.98333	1.00239	0.99115	0.99323	0.98602	0.99818	0.99858	0.99759	1.00016	1.00013	1.00183	1.00011	1.00316	1.01753	1.01787	1.0001
-105	0.9828	0.98705	0.98929	0.99376	0.96536	1.00876	0.98873	1.00197	0.99582	1.00049	0.98275	1.00342	0.98977	0.99981	0.98813	0.98366	0.98552	0.98318	0.98629	0.9941	0.99161	0.97857	0.99162	0.99953	0.98667	0.99078	1.00039	0.9807	0.96338	0.96424	0.97446	0.98507	0.97991	0.98392	0.97961	0.97908	0.97842	0.983	0.98785	0.98975	0.98904	0.98842	0.99369	0.99582	1.00273	0.99698
-90	0.96653	0.96925	0.97127	0.98521	0.95433	0.98697	0.97573	0.98523	0.98154	0.98039	0.96294	0.98156	0.97555	0.98394	0.96763	0.96453	0.9772	0.96976	0.9694	0.97996	0.97428	0.96554	0.9754	0.97906	0.97016	0.97619	0.98917	0.97089	0.95478	0.9404	0.96497	0.96434	0.96628	0.96923	0.9657	0.95603	0.9596	0.96436	0.9732	0.97713	0.97005	0.97203	0.97877	0.98125	0.98496	0.99027
-75	0.95231	0.95405	0.95162	0.96038	0.94597	0.96696	0.96174	0.96879	0.97242	0.96013	0.95142	0.96735	0.96555	0.96716	0.9549	0.95547	0.96435	0.95251	0.95152	0.96132	0.95793	0.95522	0.95838	0.96542	0.95661	0.97243	0.97134	0.96028	0.94088	0.92436	0.95206	0.94912	0.95492	0.95478	0.94855	0.93746	0.94435	0.95051	0.95864	0.96222	0.96358	0.95904	0.9675	0.96564	0.96666	0.98429
-60	0.94237	0.94871	0.94167	0.94607	0.93512	0.94418	0.95174	0.96369	0.95788	0.94466	0.94472	0.94606	0.95248	0.94756	0.94751	0.95105	0.95922	0.94874	0.94391	0.95026	0.94925	0.95507	0.94878	0.95806	0.94689	0.96533	0.95795	0.94491	0.92967	0.91913	0.94271	0.93789	0.9468	0.94402	0.94278	0.92585	0.93036	0.93562	0.9392	0.95442	0.94879	0.94647	0.95228	0.9593	0.96171	0.98099
-45	0.93609	0.94352	0.932	0.93584	0.93471	0.94002	0.94776	0.96012	0.95296	0.93489	0.94049	0.93264	0.94238	0.93444	0.94636	0.9471	0.96013	0.94676	0.94151	0.9485	0.93971	0.95378	0.943	0.95001	0.94184	0.95035	0.95169	0.93969	0.92901	0.91983	0.93701	0.93452	0.94178	0.93221	0.934	0.92394	0.91588	0.93603	0.92947	0.9466	0.94196	0.94486	0.95008	0.94966	0.95816	0.96562
-30	0.9283	0.94043	0.93428	0.93631	0.93544	0.93513	0.9446	0.95446	0.94882	0.93118	0.94009	0.92853	0.93719	0.92706	0.94667	0.9479	0.95462	0.94407	0.94384	0.94604	0.9373	0.95288	0.94224	0.94994	0.93495	0.94632	0.95071	0.93556	0.92624	0.92367	0.92834	0.92803	0.93956	0.92745	0.93217	0.924	0.91051	0.93403	0.92727	0.93993	0.93737	0.94251	0.94858	0.94665	0.95872	0.96151
-15	0.92321	0.94182	0.93406	0.93633	0.93609	0.92835	0.93695	0.94434	0.95131	0.92957	0.93975	0.92758	0.93284	0.92848	0.95222	0.94692	0.95255	0.9482	0.94333	0.94303	0.933	0.94849	0.94318	0.94186	0.9373	0.93625	0.95341	0.93614	0.92183	0.92199	0.92232	0.9267	0.93765	0.91992	0.92994	0.92728	0.90418	0.92318	0.92565	0.93981	0.93132	0.94482	0.94859	0.94735	0.95722	0.95668
0	0.91704	0.93485	0.93582	0.93498	0.93568	0.93195	0.9331	0.9428	0.95096	0.93224	0.93134	0.92785	0.93123	0.935	0.95319	0.94399	0.95262	0.94788	0.9431	0.94663	0.92811	0.9462	0.94119	0.93992	0.94047	0.92526	0.94513	0.92676	0.92657	0.91661	0.9199	0.9202	0.93029	0.91999	0.92612	0.93063	0.90691	0.92152	0.92641	0.9368	0.92819	0.94692	0.94634	0.9507	0.9561	0.94945
15	0.91586	0.93336	0.93646	0.93259	0.93487	0.93549	0.92715	0.94423	0.94419	0.93366	0.9296	0.9342	0.93479	0.94855	0.95451	0.94511	0.95158	0.94395	0.94491	0.94536	0.92631	0.9441	0.93933	0.94138	0.94606	0.925	0.94843	0.92711	0.9282	0.91415	0.91498	0.91309	0.92606	0.91947	0.92929	0.92794	0.91565	0.9185	0.93345	0.9353	0.93186	0.94926	0.93752	0.95595	0.95334	0.94509
30	0.91741	0.93092	0.93864	0.93644	0.93848	0.94159	0.92598	0.94963	0.94351	0.94221	0.93287	0.93829	0.9317	0.94844	0.95438	0.93909	0.95478	0.94308	0.9419	0.9448	0.92934	0.93862	0.94131	0.93977	0.94458	0.92495	0.95432	0.92894	0.92659	0.91039	0.91834	0.90743	0.92533	0.91664	0.92876	0.92971	0.91863	0.92309	0.93454	0.93356	0.93353	0.94992	0.93102	0.9446	0.95048	0.9419
45	0.92338	0.93324	0.95076	0.94136	0.94523	0.95806	0.93306	0.96255	0.94384	0.94997	0.93655	0.94907	0.94255	0.95294	0.95328	0.93881	0.96052	0.94612	0.9456	0.94701	0.93031	0.94305	0.94922	0.94131	0.94764	0.93913	0.9616	0.93276	0.92535	0.90806	0.92709	0.91208	0.9331	0.9263	0.93687	0.93875	0.92632	0.92324	0.94233	0.93761	0.94252	0.94959	0.93126	0.93437	0.95208	0.94806
60	0.93891	0.94399	0.95978	0.95083	0.96002	0.96995	0.94808	0.97042	0.95474	0.96167	0.95027	0.96179	0.95652	0.96114	0.95725	0.94505	0.96929	0.95176	0.95449	0.95655	0.94566	0.95261	0.95739	0.95748	0.95505	0.9601	0.97502	0.94473	0.93617	0.92247	0.94438	0.92266	0.94746	0.9436	0.94505	0.95638	0.93702	0.9308	0.95254	0.95043	0.95208	0.95619	0.93198	0.94302	0.96153	0.95861
75	0.95948	0.96265	0.97776	0.9585	0.97805	0.98928	0.96781	0.98233	0.97202	0.98127	0.96525	0.97664	0.97443	0.97427	0.9719	0.96101	0.9828	0.96315	0.96872	0.96971	0.9627	0.96496	0.96982	0.97366	0.97159	0.98548	0.98809	0.95823	0.95303	0.94652	0.96309	0.94677	0.96138	0.95977	0.95994	0.97767	0.9572	0.9509	0.96487	0.96321	0.97146	0.96838	0.94407	0.95616	0.97825	0.97076
90	0.97958	0.98701	0.99394	0.97684	0.98916	1.00426	0.9873	1.00786	0.98804	1.00184	0.9805	0.98721	0.99266	0.98733	0.98752	0.98567	0.99527	0.98525	0.98778	0.98663	0.9893	0.98943	0.98766	0.99018	0.98914	1.00905	1.00642	0.97229	0.96885	0.97052	0.98472	0.97807	0.98101	0.98224	0.97915	0.99867	0.97746	0.97001	0.97415	0.97484	0.98156	0.98651	0.96244	0.97372	1.00022	0.99152
105	0.99709	1.00561	1.00405	0.99126	0.99805	1.01924	1.00474	1.02013	1.00682	1.0192	0.99252	1.00186	1.00956	0.994	0.99772	1.00957	1.00103	0.99973	1.00486	1.00538	1.00856	1.00821	1.00279	1.0023	1.00422	1.0184	1.02295	0.99047	0.98575	0.99397	0.99858	1.00119	0.9956	0.99823	0.99233	1.01383	0.98978	0.99236	0.99206	0.98615	0.99722	1.00288	0.98233	0.99851	1.01477	0.99807
120	1.00164	1.0143	1.0106	1.00078	0.99733	1.01966	1.01253	1.02614	1.012	1.0279	0.99811	1.0033	1.01532	0.99932	0.99973	1.02365	0.99933	1.00252	1.00614	1.0164	1.02024	1.01201	1.01024	1.01152	1.00981	1.02317	1.02034	1.00027	0.99264	1.0018	1.00308	1.00624	0.99664	1.00451	1.00193	1.01762	0.99899	1.00192	0.99672	0.99218	0.99849	1.01499	0.9959	1.00982	1.01487	1.00745
135	0.99752	1.01126	1.00275	1.00091	0.98938	1.00879	1.00694	1.02	1.01098	1.02004	0.99733	1.0005	1.01115	0.99831	0.99688	1.02112	0.99074	0.99852	1.00331	1.01453	1.01689	1.00342	1.01061	1.00045	1.01328	1.01624	1.00797	1.001	0.99007	0.99932	0.99857	1.00904	0.9892	1.00367	0.98943	1.0076	0.99568	1.00035	0.98916	0.98875	0.99814	1.01864	0.99757	1.01759	1.00755	1.00401
150	0.98536	0.99553	0.98831	0.98976	0.97863	0.99459	0.99357	1.01113	0.99922	1.00289	0.98618	0.98969	0.99521	0.98303	0.98589	1.01443	0.97902	0.98687	0.99134	1.00487	1.0028	0.99365	0.99902	0.98265	0.99546	0.99282	0.99115	0.98329	0.98094	0.9862	0.98788	0.99246	0.97543	0.9957	0.98027	0.98917	0.98525	0.98889	0.97092	0.97818	0.98372	1.0088	0.99155	1.01099	0.99421	0.9905
165	0.96506	0.98244	0.96536	0.97193	0.96125	0.97255	0.96928	0.99522	0.97144	0.97872	0.97221	0.97107	0.97453	0.96979	0.97006	0.99267	0.95935	0.97168	0.97156	0.98197	0.98132	0.96825	0.97911	0.96091	0.98226	0.97314	0.96873	0.96519	0.96521	0.96568	0.96942	0.96411	0.95584	0.97641	0.96166	0.96342	0.96483	0.97075	0.95424	0.95983	0.9674	0.99059	0.97067	0.99277	0.9712	0.97041
180	0.94214	0.9566	0.93948	0.95754	0.93964	0.94911	0.94882	0.97536	0.9496	0.95495	0.9581	0.94976	0.95054	0.95359	0.95257	0.96495	0.94256	0.95475	0.94912	0.95982	0.957	0.94484	0.95946	0.93786	0.9576	0.95185	0.95009	0.93905	0.94843	0.94475	0.94409	0.93237	0.9356	0.95018	0.93625	0.93946	0.94233	0.9506	0.93571	0.94573	0.95009	0.96331	0.95312	0.96332	0.95082	0.94633
195	0.92987	0.93494	0.92875	0.93709	0.92573	0.9268	0.93121	0.95728	0.92906	0.92665	0.94241	0.93964	0.93869	0.93898	0.93573	0.94561	0.9298	0.93401	0.93183	0.93541	0.93686	0.92504	0.94163	0.92177	0.93821	0.94025	0.92573	0.92296	0.92838	0.92232	0.92952	0.90836	0.92065	0.93614	0.92227	0.92378	0.93289	0.93228	0.92677	0.93322	0.93501	0.94564	0.93564	0.94445	0.93606	0.92808
210	0.92201	0.92794	0.91964	0.92204	0.9194	0.91152	0.92378	0.94413	0.923	0.91775	0.93588	0.9364	0.92862	0.93409	0.92844	0.93145	0.9217	0.9224	0.92378	0.92312	0.92724	0.91707	0.93126	0.91702	0.92816	0.93557	0.92037	0.91331	0.92255	0.91475	0.92176	0.89538	0.91741	0.92945	0.91669	0.91825	0.92529	0.92426	0.92419	0.92759	0.923	0.92881	0.92315	0.9284	0.92908	0.91892
225	0.92788	0.93432	0.92644	0.92648	0.92094	0.91758	0.93067	0.93847	0.93336	0.92521	0.93607	0.94128	0.92989	0.9403	0.93122	0.93036	0.92555	0.9253	0.93356	0.92403	0.92881	0.92008	0.93077	0.92119	0.92901	0.93942	0.9202	0.92032	0.92308	0.92248	0.92691	0.90099	0.92142	0.92794	0.92812	0.92336	0.93898	0.92803	0.93288	0.93085	0.92453	0.92638	0.93199	0.93216	0.9331	0.92263
240	0.94413	0.94417	0.93942	0.94122	0.9287	0.92669	0.94607	0.95148	0.95229	0.94182	0.94193	0.95886	0.94156	0.95338	0.94269	0.9494	0.9367	0.94103	0.94916	0.9304	0.94185	0.94292	0.94034	0.93612	0.94063	0.94506	0.93838	0.94034	0.9362	0.93787	0.93884	0.91779	0.93552	0.94125	0.9403	0.9392	0.95945	0.93514	0.95052	0.94034	0.93821	0.93085	0.95044	0.93982	0.94279	0.94335
255	0.96502	0.9599	0.95862	0.95591	0.94477	0.95002	0.96859	0.96478	0.97065	0.96402	0.95938	0.97409	0.95736	0.96613	0.96138	0.97211	0.95488	0.95709	0.96959	0.95015	0.95724	0.96481	0.95676	0.9573	0.95923	0.95983	0.96258	0.96709	0.95555	0.961	0.95766	0.93795	0.95835	0.96212	0.95723	0.95934	0.97948	0.95219	0.97175	0.95966	0.95884	0.95004	0.9695	0.95997	0.95742	0.96039
270	0.98483	0.97755	0.98714	0.9698	0.96165	0.97374	0.99239	0.9827	0.99005	0.98319	0.98364	0.9934	0.96959	0.98476	0.97943	0.98482	0.9763	0.97409	0.98595	0.97431	0.97579	0.97385	0.97725	0.97982	0.97635	0.97399	0.98143	0.99356	0.9808	0.97627	0.97261	0.95949	0.97271	0.9827	0.98198	0.97538	1.00238	0.97092	0.98679	0.98118	0.97534	0.97834	0.99116	0.97405	0.9749	0.98846
285	1.00216	0.99195	1.00485	0.98551	0.97315	0.99495	1.00787	0.99756	1.00599	0.99616	1.00299	1.00434	0.98305	0.9977	0.99104	0.99779	0.98909	0.98772	1.00233	0.99591	0.98779	0.98941	0.99345	0.99558	0.99599	0.98906	0.98902	1.01038	0.99858	0.99116	0.99199	0.9833	0.99047	0.99872	0.98957	0.98851	1.01723	0.98675	0.99716	0.99274	0.99066	1.00909	1.00409	0.98505	0.9893	1.00612
300	1.0075	0.9966	1.01379	0.99393	0.97736	1.0062	1.01443	0.99946	1.01395	1.00572	1.01083	1.00833	0.98751	0.99745	1.00206	0.99952	0.99768	0.99729	1.0092	1.00475	0.99036	1.00203	0.99905	1.00102	0.9973	0.9879	0.99849	1.01746	1.00988	0.99277	0.99845	0.9929	0.99961	1.00726	1.0022	0.99697	1.02045	0.9946	0.99758	0.99791	0.99843	1.01892	1.01482	0.99291	0.99747	1.01254
315	1.00496	0.99596	1.00682	0.99114	0.98101	1.00549	1.00734	0.99464	1.00389	1.00313	1.01298	0.99304	0.98271	0.99925	1.0009	0.98288	0.99165	0.9971	1.00483	1.00413	0.98698	0.99457	0.99301	1.00232	0.99352	0.99064	0.99821	1.00943	1.00184	0.98428	0.9939	0.99068	0.99281	1.0051	0.99935	0.99153	1.01226	0.99153	0.98575	0.99283	1.00258	1.01997	1.00466	0.99056	0.99212	1.0097
330	0.99306	0.98489	0.98313	0.98274	0.97485	0.98836	0.99238	0.97976	0.992	0.98966	0.99634	0.97767	0.97264	0.98886	0.99118	0.97345	0.98346	0.98552	0.99293	0.99519	0.97454	0.98234	0.98124	0.99263	0.97582	0.98269	0.9876	0.99022	0.98848	0.9729	0.97249	0.98087	0.98518	0.99222	0.98564	0.98168	1.00086	0.98257	0.97537	0.97955	0.99081	1.00576	0.98516	0.97874	0.98524	0.99205
345	0.97196	0.96822	0.96075	0.95723	0.96443	0.96548	0.96698	0.96119	0.97099	0.97087	0.97385	0.95166	0.95656	0.96788	0.9705	0.96019	0.96167	0.96207	0.97048	0.97498	0.95398	0.96821	0.96448	0.97042	0.96089	0.96943	0.96682	0.96932	0.9663	0.95095	0.96029	0.96641	0.96892	0.97736	0.96847	0.96639	0.98263	0.96498	0.9535	0.9615	0.97342	0.99105	0.96322	0.96596	0.97001	0.96901
360	0.95049	0.95454	0.93451	0.92761	0.94889	0.93908	0.9433	0.95078	0.95386	0.95393	0.9464	0.94089	0.93711	0.94799	0.94679	0.94221	0.93907	0.94353	0.95015	0.95353	0.93084	0.95005	0.94384	0.95092	0.93824	0.95199	0.95103	0.94512	0.94392	0.9311	0.93971	0.94637	0.95541	0.95549	0.95438	0.94519	0.95513	0.94446	0.93303	0.9464	0.95405	0.96513	0.93915	0.94748	0.95268	0.94467
375	0.93416	0.94059	0.91833	0.91649	0.93464	0.92619	0.92507	0.92928	0.94182	0.9447	0.92428	0.92481	0.92541	0.92772	0.92655	0.93126	0.92252	0.93462	0.93284	0.93734	0.91289	0.93401	0.92608	0.93516	0.92181	0.93433	0.94096	0.93138	0.91655	0.92084	0.92757	0.92499	0.94356	0.93633	0.93794	0.93315	0.94053	0.93017	0.92166	0.93181	0.94016	0.94527	0.92847	0.9377	0.93802	0.92768
390	0.92661	0.93124	0.91598	0.91751	0.92595	0.91077	0.91915	0.92783	0.93381	0.93908	0.91206	0.92147	0.92263	0.92491	0.9175	0.93487	0.92065	0.92842	0.92134	0.9258	0.90227	0.92827	0.91895	0.92933	0.9174	0.92213	0.93841	0.92408	0.91657	0.91451	0.92084	0.91201	0.92947	0.92819	0.92999	0.92808	0.93141	0.92004	0.91575	0.92588	0.93719	0.92874	0.92749	0.93467	0.9272	0.92154
405	0.93046	0.93205	0.92683	0.92801	0.93353	0.91987	0.9252	0.93265	0.94323	0.94565	0.91966	0.92417	0.92668	0.92968	0.92188	0.94274	0.93448	0.93152	0.92345	0.93031	0.90632	0.92396	0.9226	0.93	0.91926	0.92915	0.94798	0.93195	0.92504	0.92313	0.9323	0.91301	0.93674	0.93346	0.93088	0.93234	0.93509	0.92201	0.92139	0.93149	0.93565	0.92786	0.93414	0.93813	0.93564	0.92268
420	0.94531	0.94607	0.94787	0.94948	0.94101	0.94178	0.94322	0.94715	0.95925	0.95719	0.93743	0.9444	0.94115	0.93941	0.93761	0.95962	0.95523	0.94612	0.93602	0.93927	0.92312	0.92935	0.9402	0.94382	0.92937	0.94313	0.95713	0.95021	0.948	0.94057	0.94732	0.92894	0.94742	0.95031	0.95303	0.94765	0.95135	0.93331	0.93824	0.94817	0.94552	0.94296	0.94988	0.95831	0.95719	0.94083
435	0.96649	0.96433	0.97822	0.97585	0.95956	0.96575	0.96528	0.9668	0.97881	0.97635	0.95681	0.96341	0.96053	0.96276	0.95971	0.97927	0.9743	0.97014	0.95445	0.96345	0.94777	0.94846	0.95862	0.96554	0.95387	0.96655	0.96842	0.97258	0.97357	0.96666	0.97434	0.95374	0.97214	0.96624	0.97317	0.96924	0.97355	0.95977	0.96137	0.96767	0.9571	0.96971	0.96717	0.97207	0.97533	0.95915
450	0.98733	0.98455	1.00663	0.99845	0.97984	0.98819	0.98795	0.98315	0.99567	0.99966	0.97962	0.98354	0.98059	0.98428	0.98337	0.9881	0.99212	0.98975	0.97737	0.98179	0.97296	0.96389	0.97463	0.97879	0.9764	0.98516	0.98765	0.99763	0.99289	0.98437	0.99537	0.97493	0.99324	0.98233	0.99808	0.99173	0.99237	0.98533	0.9848	0.98621	0.97969	0.98851	0.99374	0.99583	0.9968	0.98433
465	1.00627	1.0041	1.02127	1.01521	1.0036	1.01568	1	0.99511	1.00554	1.01253	1.00134	0.99465	0.99637	1.00992	0.99763	0.99823	1.00376	1.00607	0.99745	0.99698	0.9939	0.97921	0.98998	0.99585	0.99024	1.00246	1.01027	1.01413	1.00484	1.00231	1.01066	0.99582	1.00892	0.99474	1.01253	1.00849	1.00805	1.00377	1.00208	0.99887	0.98998	1.00723	1.00545	0.999	1.01263	1.00593
480	1.01474	1.006	1.02115	1.02503	1.01264	1.0243	1.0047	1.00388	1.00834	1.01954	1.00416	0.99812	1.00149	1.01577	1.00494	1.00032	1.0054	1.01161	1.01104	1.00649	1.00265	0.99007	0.99789	0.99742	1.00655	1.00735	1.01022	1.01773	1.01258	1.00842	1.0119	1.01303	1.01902	1.00306	1.01634	1.01954	1.01513	1.01273	1.01331	1.0049	0.99296	1.01162	1.01197	1.00065	1.02451	1.0169
495	1.00952	1.00223	1.01063	1.01229	1.00598	1.01795	0.99911	1.00307	0.99802	1.01138	1.00253	0.99368	0.99415	1.01131	1.0012	0.99366	0.99428	1.00255	1.01015	1.00742	0.9968	0.98919	0.99411	0.99353	1.00783	1.00339	1.00808	1.01324	1.00454	1.00353	1.00471	1.00943	1.01505	0.99906	1.01185	1.01584	1.00899	1.00696	1.00386	1.00436	0.98673	1.01158	1.00552	0.9982	1.01839	1.01831
510	1.00245	0.99313	0.99506	0.98781	0.99301	1.00059	0.98577	0.9926	0.98218	0.9957	0.98867	0.98995	0.98354	1.00089	0.98804	0.9776	0.98253	0.9862	1.00281	0.99431	0.98841	0.97862	0.9835	0.98366	0.99936	0.98614	0.99775	0.99699	0.99284	0.99197	0.98469	0.99268	1.00328	0.98896	1.00128	0.99889	0.99229	0.99267	0.99598	0.99419	0.9747	0.99881	0.99044	0.98775	1.00581	1.01363
525	0.98223	0.97571	0.97972	0.97136	0.97432	0.9791	0.96601	0.96976	0.96125	0.98062	0.96976	0.97256	0.97143	0.98352	0.96974	0.95953	0.96401	0.96982	0.98391	0.97768	0.96917	0.96573	0.96723	0.96614	0.99097	0.96228	0.98366	0.97632	0.96795	0.97079	0.96617	0.9673	0.97995	0.97359	0.97805	0.97661	0.97378	0.97547	0.98155	0.97649	0.95673	0.97878	0.97211	0.96552	0.98624	0.99548
540	0.96307	0.95867	0.96043	0.95706	0.94993	0.94512	0.94915	0.95854	0.94425	0.96171	0.95295	0.95979	0.95793	0.96688	0.95044	0.94331	0.95047	0.95177	0.95988	0.95971	0.94752	0.95411	0.95104	0.9558	0.9796	0.93995	0.9632	0.95398	0.95709	0.94672	0.9474	0.94788	0.95261	0.9552	0.95751	0.95254	0.95381	0.95554	0.96556	0.95648	0.94351	0.96147	0.94846	0.95151	0.96591	0.9726
555	0.94805	0.94069	0.95088	0.94713	0.93846	0.93197	0.93931	0.94298	0.93501	0.94883	0.93824	0.94926	0.94717	0.94786	0.93456	0.92545	0.94117	0.93931	0.94109	0.94693	0.93357	0.94456	0.93608	0.94818	0.96481	0.92706	0.94872	0.93999	0.94496	0.93438	0.94065	0.93403	0.94158	0.9443	0.93855	0.93923	0.94096	0.94061	0.95562	0.94057	0.93138	0.94188	0.93219	0.93166	0.95399	0.95315
570	0.93751	0.93857	0.94602	0.94066	0.93216	0.92636	0.93816	0.94075	0.92987	0.93947	0.93165	0.9463	0.94262	0.93378	0.92784	0.92439	0.94058	0.9381	0.92925	0.94052	0.92673	0.93611	0.93186	0.94762	0.96029	0.92493	0.93553	0.93254	0.94127	0.93475	0.93336	0.93203	0.93882	0.94067	0.93381	0.93457	0.93512	0.94047	0.95162	0.93425	0.93256	0.93909	0.92452	0.9277	0.94891	0.94434
585	0.94695	0.94363	0.95684	0.94354	0.94032	0.93366	0.94785	0.9462	0.93581	0.94351	0.93363	0.95116	0.93959	0.94098	0.93354	0.93019	0.9413	0.94669	0.93278	0.94883	0.93151	0.9426	0.9362	0.95763	0.96265	0.9295	0.937	0.93614	0.94592	0.94058	0.94308	0.94005	0.94875	0.93831	0.94572	0.94167	0.93943	0.95377	0.95797	0.94541	0.93793	0.94372	0.92894	0.92669	0.94954	0.95155
600	0.96191	0.96287	0.97007	0.95691	0.95788	0.95278	0.96586	0.96297	0.94616	0.95858	0.95227	0.96323	0.94943	0.95257	0.94956	0.94223	0.95065	0.95637	0.9441	0.95762	0.94763	0.95175	0.95092	0.96858	0.96815	0.94798	0.95063	0.95328	0.95961	0.95377	0.95732	0.95429	0.96185	0.95306	0.95903	0.9572	0.95101	0.97109	0.97351	0.96218	0.95591	0.9589	0.94458	0.94017	0.95814	0.96526
615	0.97951	0.97845	0.98458	0.97835	0.9779	0.97951	0.98094	0.97704	0.96776	0.97623	0.97263	0.98219	0.96906	0.97275	0.97084	0.96577	0.96878	0.97766	0.96473	0.97277	0.96687	0.97086	0.97173	0.98884	0.98095	0.97506	0.96776	0.97299	0.97864	0.97399	0.97847	0.97855	0.97907	0.97209	0.98053	0.97912	0.9729	0.98188	0.98964	0.98536	0.97443	0.97657	0.96598	0.95754	0.9776	0.97886
630	0.99671	0.9892	0.99249	0.99534	0.99234	0.99726	1.00078	0.99207	0.98465	0.99484	0.99018	0.99694	0.98238	0.99085	0.99004	0.98249	0.98275	0.99632	0.98522	0.9914	0.98612	0.98882	0.98771	1.00486	0.99805	0.9908	0.98039	0.98664	1.00028	0.99104	0.99552	0.99627	0.99336	0.98653	1.00144	0.9989	0.99266	1.00044	0.99661	1.00507	0.99811	0.99445	0.98964	0.98697	0.99783	0.9998
645	1.00958	1.00239	1.00099	1.00443	1.00734	1.00668	1.0167	1.00443	0.99642	1.00469	1.00943	1.01298	0.99402	1.00995	1.00317	0.99836	0.99684	1.00481	1.00163	1.00992	0.99475	1.00184	1.00255	1.02079	1.00058	1.00599	1.00129	1.00293	1.00955	1.00576	1.00819	1.00645	1.00217	1.00024	1.01623	1.01016	1.00394	1.01304	1.00525	1.01687	1.00704	1.01432	0.99561	1.00857	1.00775	1.01195
660	1.01332	1.00865	1.00883	1.00624	1.01795	1.01091	1.01915	1.00526	1.00478	1.00952	1.0181	1.01913	1.00167	1.01972	1.00857	1.01082	1.0018	1.00835	1.00779	1.0154	1.00598	1.00978	1.01287	1.01641	1.01105	1.01505	1.00452	1.00839	1.01693	1.00849	1.01009	1.01121	1.00371	1.0106	1.02412	1.01073	1.0067	1.01303	1.01329	1.01954	1.01303	1.0188	1.00691	1.0167	1.00968	1.01788
675	1.00732	1.00281	1.00201	0.99633	1.01418	1.00076	1.01554	1.0023	1.00465	1.00522	1.01673	1.01887	1.00076	1.02087	1.00637	1.00967	1.00127	1.00334	1.00588	1.01291	1.00203	1.01148	1.00824	1.01007	1.0069	1.01098	1.00651	1.00377	1.00698	1.00157	1.00691	1.00155	0.99875	1.01179	1.01632	0.99952	1.00154	1.00462	1.00597	1.01227	1.0093	1.01583	1.00245	1.01369	0.9988	1.00526
690	0.99401	0.99172	0.98627	0.98487	0.99862	0.98512	1.0038	0.99909	0.99852	0.9959	1.00844	1.00597	0.99263	1.00685	0.9933	0.99814	0.9883	0.99445	0.9936	1.00193	0.98907	1.00343	0.99813	0.99935	1.00226	0.99559	1.00588	0.98881	0.99353	0.98825	0.99898	0.99188	0.99662	1.00584	1.00352	0.98821	0.98844	0.99093	0.99732	0.99435	1.00475	1.00955	0.99229	1.00226	0.98828	0.98924
705	0.9759	0.97425	0.97099	0.97099	0.9902	0.96921	0.98695	0.98339	0.97977	0.98043	0.99084	0.99113	0.97682	0.98431	0.97346	0.97858	0.97627	0.97773	0.97487	0.98368	0.97525	0.98663	0.97954	0.98585	0.98721	0.98386	0.99299	0.97499	0.97927	0.97319	0.98749	0.97461	0.98418	0.9947	0.9896	0.97545	0.97537	0.97998	0.9786	0.97555	0.99414	0.98554	0.983	0.98135	0.97215	0.97133
720	0.95803	0.96073	0.95862	0.95085	0.97394	0.95321	0.96618	0.97361	0.96445	0.96166	0.9724	0.97171	0.96214	0.96486	0.95725	0.96328	0.96332	0.96653	0.96232	0.96767	0.95926	0.96961	0.96216	0.9698	0.97063	0.96447	0.97672	0.95698	0.96208	0.95747	0.96943	0.95896	0.98081	0.98072	0.97475	0.95993	0.95906	0.96476	0.95812	0.95748	0.98364	0.9673	0.96715	0.95943	0.95495	0.95875
735	0.95155	0.95096	0.95326	0.94664	0.96148	0.94526	0.95426	0.96891	0.95231	0.95128	0.96002	0.96096	0.94906	0.95254	0.95012	0.95392	0.94848	0.94733	0.95097	0.95649	0.95119	0.9592	0.95301	0.95865	0.96061	0.94987	0.95905	0.94825	0.95445	0.93926	0.95986	0.95021	0.97235	0.96371	0.97184	0.95306	0.94955	0.95713	0.94599	0.95124	0.96831	0.95142	0.9598	0.94932	0.94354	0.95187
750	0.94662	0.95148	0.95329	0.94373	0.95897	0.9428	0.95121	0.96744	0.94929	0.95116	0.96269	0.96074	0.94404	0.94026	0.95258	0.94544	0.94571	0.94009	0.94426	0.94603	0.94975	0.95082	0.95056	0.95512	0.95011	0.95003	0.95351	0.94895	0.95637	0.94116	0.95552	0.94357	0.96846	0.95998	0.96089	0.94876	0.94668	0.95514	0.93973	0.94714	0.95709	0.94284	0.95486	0.94484	0.94295	0.94718
765	0.95474	0.95337	0.96149	0.95311	0.95795	0.95059	0.95293	0.96604	0.9549	0.95773	0.96554	0.96767	0.94772	0.94213	0.95994	0.95147	0.95323	0.94987	0.94695	0.9475	0.95263	0.95692	0.9535	0.96118	0.95433	0.95347	0.9521	0.95801	0.96546	0.95025	0.96149	0.94884	0.96996	0.96194	0.96531	0.96057	0.95453	0.95446	0.94703	0.95762	0.96382	0.94979	0.96045	0.95587	0.95703	0.94787
780	0.96468	0.96377	0.97362	0.9638	0.96056	0.96543	0.96458	0.96973	0.95826	0.97016	0.97893	0.97378	0.95968	0.95329	0.97052	0.96149	0.96316	0.96557	0.95866	0.96426	0.95868	0.96673	0.96203	0.97101	0.96103	0.95618	0.96645	0.96697	0.98263	0.96663	0.97632	0.95754	0.97628	0.96492	0.97319	0.97147	0.96456	0.976	0.95947	0.96774	0.96917	0.96102	0.97198	0.97392	0.97497	0.96397
795	0.97704	0.97586	0.9924	0.98425	0.98156	0.98514	0.98232	0.9811	0.97074	0.98374	0.99426	0.98452	0.97826	0.97232	0.98234	0.97754	0.97823	0.98306	0.97337	0.98622	0.96805	0.98351	0.98226	0.98329	0.97534	0.97527	0.98373	0.98042	0.99851	0.98568	0.9889	0.97907	0.98368	0.97318	0.98626	0.98086	0.97512	0.99308	0.98219	0.98475	0.97791	0.9809	0.97881	0.99061	0.99118	0.98379
810	0.98929	0.99085	1.00633	1.00244	0.99102	1.00126	0.99751	1.00054	0.98818	0.99426	1.00778	0.99481	0.98854	0.99202	0.99411	0.98894	0.98369	1.00046	0.98795	1.00246	0.98374	0.99576	0.99764	0.99522	0.99302	0.99294	0.98709	0.99627	1.01182	1.00481	0.99734	0.99855	0.98961	0.9878	0.99554	0.99424	0.99116	1.00439	1.00252	0.99931	0.9876	1.00382	0.99824	1.01006	1.00096	0.99704
825	0.99972	1.00736	1.01595	1.01015	0.99944	1.0158	1.01324	1.01289	1.00445	1.00019	1.01267	1.00287	0.99461	1.00703	1.0044	0.99932	0.99319	1.01331	1.00069	1.014	0.99076	1.00758	1.00832	1.00337	1.00164	0.9986	1.00517	1.00813	1.02451	1.0224	1.0014	1.01299	1.00143	0.99913	1.00477	0.99989	1.0062	1.01455	1.01237	1.01113	0.99754	1.012	1.0115	1.02474	1.00786	1.0034
840	1.00354	1.01611	1.01606	1.01602	1.00254	1.02614	1.01858	1.01827	1.01345	1.00823	1.01462	1.00193	1.00023	1.0109	1.00843	1.00294	0.99856	1.02212	1.00855	1.017	0.99484	1.0151	1.01511	1.00452	1.01247	1.00104	1.0176	1.01522	1.02425	1.03032	1.00355	1.02357	1.00333	1.00772	1.01164	1.00564	1.01392	1.02332	1.01828	1.01629	1.0063	1.02404	1.01389	1.03103	1.01539	1.00433
855	1.00441	1.01276	1.00431	1.00923	1.00219	1.02054	1.01614	1.01014	1.01297	1.00202	1.00624	1.00463	0.9951	1.0086	1.00265	1.00057	1.00334	1.02182	1.00833	1.01274	0.99451	1.01249	1.0109	1.0028	1.00685	1.00075	1.02163	1.01925	1.02329	1.02985	0.99614	1.01679	1.0007	1.00602	1.00712	1.00976	1.01396	1.02112	1.01156	1.01557	1.00456	1.01636	1.01271	1.02667	1.01304	1.00019
870	0.99849	1.00372	0.99545	0.99581	0.99355	1.01211	1.00327	1.0028	1.00375	0.99399	0.99158	0.99803	0.98698	1.00478	0.99434	0.99329	1.00076	1.00801	1.0041	1.00327	0.99118	1.00567	1.0029	0.9967	0.99729	0.98944	1.01843	1.00623	1.00704	1.01428	0.9876	1.00649	1.0016	1.00252	1.00019	1.00701	1.00549	1.01274	0.9982	1.00692	0.99791	1.01088	1.00655	1.01488	1.008	0.98844
885	0.98843	0.99437	0.98941	0.98522	0.98664	0.99845	0.99526	0.99357	0.99149	0.98157	0.98122	0.99617	0.97733	0.99039	0.98273	0.98749	0.99424	0.99031	0.99003	0.98996	0.98358	0.99296	0.99497	0.9891	0.99083	0.97928	1.00549	0.99714	0.99347	1.00116	0.97797	0.98931	0.98891	0.98813	0.99691	0.99952	0.99471	0.99858	0.98113	0.99313	0.9802	0.99994	0.99813	1.00347	1.00219	0.97147
900	0.97891	0.98713	0.97472	0.95792	0.97351	0.98099	0.98335	0.97885	0.98181	0.97345	0.97345	0.98945	0.96526	0.97059	0.973	0.97238	0.98762	0.9812	0.97627	0.97219	0.97105	0.976	0.98019	0.98423	0.97789	0.97388	0.9976	0.98488	0.97882	0.99165	0.96922	0.97022	0.98555	0.97937	0.98178	0.98823	0.97944	0.98351	0.9628	0.97807	0.96556	0.98745	0.98669	0.98059	0.99215	0.96516
915	0.97325	0.97313	0.97019	0.94973	0.96343	0.97176	0.97419	0.97135	0.97303	0.96238	0.96496	0.9841	0.96705	0.95916	0.96446	0.96709	0.98393	0.97413	0.96353	0.96262	0.96607	0.96755	0.96869	0.97492	0.9676	0.97028	0.9847	0.97699	0.9716	0.97523	0.96467	0.95669	0.98399	0.96897	0.97121	0.97707	0.96629	0.97373	0.95507	0.97153	0.96015	0.97939	0.97425	0.96976	0.98894	0.95411
930	0.96848	0.968	0.96955	0.94554	0.95729	0.96367	0.96872	0.96213	0.96502	0.95692	0.96608	0.97407	0.96979	0.9538	0.96306	0.96468	0.9785	0.97128	0.95928	0.95796	0.96	0.95809	0.96375	0.97028	0.96443	0.97069	0.98224	0.97089	0.96662	0.96627	0.96911	0.9507	0.98201	0.96652	0.96623	0.9714	0.95533	0.96713	0.95253	0.96582	0.95964	0.96731	0.96949	0.95994	0.9812	0.9578
945	0.96899	0.96707	0.9686	0.95608	0.96411	0.95934	0.96981	0.96191	0.96658	0.95903	0.96484	0.96986	0.97427	0.95806	0.96401	0.9636	0.98022	0.9697	0.9604	0.95961	0.96167	0.95922	0.96451	0.97121	0.96224	0.98036	0.97277	0.96691	0.97208	0.97366	0.97269	0.95682	0.98078	0.9679	0.96984	0.96639	0.95571	0.96329	0.95932	0.97064	0.96319	0.96902	0.97108	0.95381	0.98135	0.96426
960	0.97236	0.97646	0.97729	0.97259	0.9661	0.96371	0.97625	0.9796	0.97223	0.96583	0.97218	0.96595	0.97643	0.9651	0.9704	0.96138	0.97768	0.97306	0.96763	0.96107	0.9698	0.96398	0.96968	0.97727	0.9673	0.98277	0.96909	0.97764	0.97901	0.97778	0.97533	0.96621	0.98378	0.97822	0.97808	0.97355	0.9647	0.96299	0.96818	0.97756	0.96799	0.96903	0.97667	0.9649	0.98262	0.97629
975	0.98055	0.9919	0.99072	0.98456	0.98228	0.97484	0.98717	0.99689	0.98349	0.97951	0.9829	0.97464	0.98656	0.97546	0.98101	0.96974	0.97977	0.98244	0.97727	0.97831	0.97509	0.97191	0.98277	0.98258	0.97996	0.98644	0.97619	0.98798	0.99738	0.99106	0.98248	0.98173	0.9907	0.98565	0.99165	0.97385	0.97963	0.97751	0.98083	0.98837	0.98957	0.96943	0.99001	0.97983	0.99338	0.9848
