"distance"	"TGL48_0001_Ct_T_PE_312_WG"	"TGL48_0001_Ct_T_PE_321_WG"	"TGL48_0001_Ct_T_PE_324_WG"	"TGL48_0001_Ct_T_PE_326_WG"	"TGL48_0001_Ct_T_PE_327_WG"	"TGL48_0002_Ct_T_PE_316_WG"	"TGL48_0002_Ct_T_PE_317_WG"	"TGL48_0002_Ct_T_PE_321_WG"	"TGL48_0002_Ct_T_PE_322_WG"	"TGL48_0002_Ct_T_PE_333_WG"	"TGL48_0003_Ct_T_PE_309_WG"	"TGL48_0003_Ct_T_PE_314_WG"	"TGL48_0003_Ct_T_PE_326_WG"	"TGL48_0003_Ct_T_PE_328_WG"	"TGL48_0004_Ct_T_PE_317_WG"	"TGL48_0004_Ct_T_PE_324_WG"	"TGL48_0004_Ct_T_PE_327_WG"	"TGL48_0004_Ct_T_PE_334_WG"	"TGL48_0005_Ct_T_PE_322_WG"	"TGL48_0005_Ct_T_PE_323_WG"	"TGL48_0005_Ct_T_PE_327_WG"	"TGL48_0005_Ct_T_PE_330_WG"	"TGL48_0006_Ct_T_PE_317_WG"	"TGL48_0006_Ct_T_PE_327_WG"	"TGL48_0006_Ct_T_PE_331_WG"	"TGL48_0006_Ct_T_PE_332_WG"	"TGL48_0006_Ct_T_PE_333_WG"	"TGL48_0007_Ct_T_PE_320_WG"	"TGL48_0007_Ct_T_PE_321_WG"	"TGL48_0007_Ct_T_PE_324_WG"	"TGL48_0007_Ct_T_PE_328_WG"	"TGL48_0008_Ct_T_PE_321_WG"	"TGL48_0009_Ct_T_PE_320_WG"	"TGL48_0009_Ct_T_PE_327_WG"	"TGL48_0009_Ct_T_PE_328_WG"	"TGL48_0009_Ct_T_PE_329_WG"	"TGL48_0010_Ct_T_PE_328_WG"	"TGL48_0010_Ct_T_PE_329_WG"	"TGL48_0010_Ct_T_PE_330_WG"	"TGL48_0010_Ct_T_PE_333_WG"	"TGL48_0010_Ct_T_PE_335_WG"	"TGL48_0011_Ct_T_PE_315_WG"	"TGL48_0011_Ct_T_PE_319_WG"	"TGL48_0011_Ct_T_PE_322_WG"	"TGL48_0011_Ct_T_PE_324_WG"	"TGL48_0011_Ct_T_PE_325_WG"
-990	0.9841	0.96634	0.98849	0.98974	0.97973	0.98372	0.99333	0.98166	0.97394	0.98266	0.98476	0.98448	0.97347	0.97964	0.97942	0.98187	0.97749	0.97371	0.97321	0.98223	0.97171	0.96776	0.98968	0.97023	0.98087	0.97839	0.9885	0.99106	0.97703	0.99571	0.98093	0.98455	0.9966	0.98458	0.97606	0.99091	0.99892	0.97257	0.97829	0.97713	0.98267	1.00219	0.97785	0.97449	0.98516	0.98439
-975	0.97681	0.96208	0.97972	0.97483	0.96807	0.97527	0.98546	0.97637	0.96616	0.9765	0.97836	0.97391	0.96439	0.97101	0.96745	0.97603	0.96436	0.96551	0.96438	0.97452	0.9629	0.96294	0.97862	0.96249	0.9703	0.96742	0.97628	0.98866	0.96572	0.99377	0.96845	0.96805	0.99245	0.97133	0.96484	0.97685	0.98372	0.96812	0.97063	0.97242	0.97699	0.98579	0.96682	0.96858	0.97438	0.97209
-960	0.97169	0.96086	0.97819	0.96186	0.96237	0.96782	0.97724	0.9644	0.96314	0.96948	0.96841	0.96922	0.95303	0.96064	0.96094	0.97089	0.96116	0.96666	0.95865	0.96922	0.95891	0.96088	0.96954	0.96804	0.96594	0.96711	0.96897	0.97742	0.95361	0.98189	0.96014	0.95779	0.98703	0.97111	0.95349	0.9664	0.97575	0.96382	0.96681	0.96595	0.9704	0.98143	0.96413	0.96695	0.96792	0.9612
-945	0.97184	0.96719	0.97801	0.95324	0.96542	0.96655	0.97479	0.96572	0.96121	0.97278	0.96896	0.96717	0.95177	0.95922	0.96428	0.97449	0.95988	0.96981	0.96323	0.97237	0.95808	0.96323	0.96825	0.96624	0.96546	0.97149	0.96551	0.97069	0.95157	0.97624	0.95574	0.95501	0.98486	0.98	0.95268	0.9679	0.97133	0.9611	0.96916	0.96659	0.97243	0.98476	0.96585	0.97436	0.96128	0.96313
-930	0.97811	0.98034	0.98386	0.95744	0.96768	0.97244	0.97575	0.97401	0.96734	0.97336	0.97372	0.97235	0.9514	0.97143	0.96742	0.98166	0.96437	0.97889	0.96865	0.97144	0.96646	0.97159	0.97345	0.9786	0.96935	0.97483	0.96724	0.9731	0.95593	0.97577	0.95872	0.9582	0.98219	0.98696	0.95838	0.9727	0.96735	0.96643	0.97553	0.97053	0.97701	0.99258	0.97127	0.98594	0.96264	0.96235
-915	0.98533	0.98575	0.99698	0.9582	0.97711	0.97351	0.9845	0.98245	0.97818	0.98465	0.97764	0.98865	0.96497	0.98337	0.97818	0.99274	0.97018	0.99271	0.97638	0.97755	0.97954	0.97719	0.98025	0.9847	0.98045	0.9851	0.97751	0.97511	0.96845	0.98073	0.97232	0.97225	0.98641	0.99422	0.97106	0.98211	0.97293	0.9712	0.98694	0.97893	0.99244	1.00605	0.96983	1.00017	0.97014	0.97903
-900	0.99415	0.99353	1.00105	0.96785	0.99215	0.9872	0.9953	0.98868	0.98741	0.99642	0.99271	0.99919	0.98426	0.99629	0.99119	0.99887	0.97505	1.00713	0.99027	0.98318	0.9922	0.9806	0.9927	0.99551	0.98889	0.99665	0.98764	0.98521	0.99027	0.98949	0.97981	0.98586	0.99724	1.00241	0.98523	0.98981	0.98627	0.98125	0.99689	0.99699	1.00049	1.01548	0.98639	1.00679	0.98326	0.9941
-885	1.0013	0.99892	1.00922	0.9858	1.01087	0.99587	1.00353	0.99241	0.99553	1.0097	1.0061	1.01361	1.00343	1.01305	1.00445	1.00922	0.98696	1.01755	0.99809	0.99083	1.00242	0.99026	1.00362	1.00737	0.99617	1.01792	1.00341	0.99238	1.01097	1.00139	0.98865	0.9991	1.01073	1.01128	1.00057	1.00204	0.99449	0.98499	1.00123	1.00434	1.00934	1.0268	1.00052	1.01723	0.99538	1.00387
-870	1.00778	0.99821	1.01424	0.99926	1.02108	0.99591	1.01019	1.0015	1.00349	1.0167	1.01378	1.02174	1.01234	1.02404	1.00897	1.01499	0.99451	1.02408	1.00718	0.99032	1.01173	0.99805	1.01663	1.02012	1.00802	1.02286	1.01	1.0095	1.01655	1.01238	0.99965	1.01541	1.01997	1.01329	1.01495	1.00971	1.00432	0.99631	1.01351	1.01186	1.01458	1.03129	1.01451	1.01926	1.00649	1.0075
-855	1.00786	0.99455	1.00884	1.01037	1.02539	0.99839	1.01016	0.99679	1.00566	1.01468	1.01581	1.02018	1.01496	1.01807	1.00725	1.01395	0.99631	1.01885	1.00726	0.9937	1.0143	0.9989	1.01844	1.01701	1.0082	1.02476	1.00993	1.01531	1.02657	1.01081	1.00058	1.02	1.02002	1.01373	1.01349	1.01041	1.00462	1.00442	1.00918	1.00996	1.01303	1.01952	1.01381	1.01736	1.01033	1.00105
-840	0.9986	0.98298	1.00207	1.0126	1.01806	0.99344	1.00693	0.99526	1.00265	1.00785	1.01257	1.01071	1.01063	1.00903	1.00016	1.00732	0.99222	1.01126	0.99933	0.98873	1.00634	0.98867	1.01133	1.00701	1.00788	1.01642	1.0009	1.0165	1.02062	1.00766	0.9937	1.01428	1.01644	0.99744	1.00172	1.00288	0.99952	1.00416	1.00764	1.00179	1.00895	1.00778	1.01065	1.0109	1.00353	0.98417
-825	0.99125	0.97045	0.99307	1.00903	1.00222	0.98756	0.99815	0.98854	0.99933	0.99469	0.99847	0.99706	0.99512	0.98772	0.984	0.99143	0.98269	0.99343	0.98752	0.98132	0.9913	0.97982	1.0018	0.99475	0.99439	1.00128	0.98834	1.00639	1.00474	0.99898	0.9907	1.0048	1.00318	0.98502	0.98857	0.98537	0.98653	0.99975	1.00012	0.98834	0.99807	0.99083	1.00292	0.99714	0.98847	0.96761
-810	0.97411	0.95815	0.98137	0.99397	0.98615	0.98059	0.985	0.97217	0.98695	0.97748	0.9797	0.98209	0.9759	0.965	0.96733	0.97067	0.97237	0.97968	0.96915	0.96571	0.9727	0.97142	0.9891	0.98355	0.98144	0.98396	0.97725	0.99045	0.98292	0.98711	0.98205	0.98527	0.99001	0.97753	0.96994	0.9701	0.97705	0.98721	0.98529	0.9757	0.97913	0.97036	0.99162	0.97388	0.97456	0.95229
-795	0.96097	0.95099	0.96484	0.97926	0.96795	0.96042	0.96897	0.96109	0.97108	0.96071	0.96818	0.96148	0.96436	0.95331	0.95596	0.95558	0.95536	0.95909	0.95427	0.95739	0.95301	0.96135	0.97387	0.97277	0.96745	0.96661	0.95941	0.97423	0.96784	0.96659	0.9677	0.96988	0.97436	0.96945	0.95883	0.96139	0.96335	0.97622	0.96778	0.9622	0.95857	0.94882	0.97127	0.95282	0.95832	0.94614
-780	0.95256	0.93993	0.95774	0.96378	0.95197	0.95286	0.95816	0.95807	0.96083	0.94471	0.95562	0.94584	0.95356	0.94566	0.94711	0.94717	0.94564	0.94457	0.94442	0.94966	0.94097	0.95607	0.96708	0.96543	0.95291	0.94927	0.9449	0.96573	0.95717	0.95237	0.95737	0.95392	0.96108	0.95673	0.95101	0.95347	0.95381	0.96578	0.95738	0.95207	0.94842	0.93008	0.9498	0.93923	0.94726	0.93649
-765	0.94725	0.93635	0.94864	0.95547	0.95404	0.94945	0.95275	0.94905	0.95364	0.94471	0.95105	0.9441	0.95549	0.94016	0.94836	0.94102	0.94241	0.93983	0.94023	0.94685	0.93648	0.95797	0.96186	0.95755	0.95125	0.94253	0.9427	0.9524	0.95614	0.94597	0.95141	0.94119	0.95791	0.94781	0.94986	0.94678	0.95493	0.94938	0.95225	0.95252	0.94904	0.93608	0.94011	0.93478	0.9467	0.95022
-750	0.95662	0.94238	0.94668	0.95687	0.96007	0.95731	0.95558	0.94853	0.95024	0.94877	0.95815	0.95192	0.95549	0.94627	0.9557	0.94271	0.94111	0.94411	0.94775	0.95713	0.94379	0.96185	0.9702	0.96587	0.95676	0.94408	0.94167	0.95447	0.95705	0.94534	0.9534	0.93896	0.96402	0.94959	0.95319	0.94542	0.9645	0.9502	0.95106	0.96268	0.95014	0.94479	0.95593	0.94343	0.95274	0.96087
-735	0.9674	0.9527	0.96048	0.96939	0.97607	0.96844	0.96277	0.95795	0.9569	0.9601	0.96927	0.97013	0.96149	0.96756	0.9712	0.96089	0.95749	0.95689	0.95884	0.96916	0.95532	0.97138	0.98119	0.97572	0.96164	0.95659	0.95837	0.95446	0.96786	0.95367	0.96515	0.94518	0.97288	0.95583	0.96784	0.95563	0.97852	0.95689	0.96238	0.97521	0.95453	0.96175	0.97123	0.96263	0.96665	0.98091
-720	0.98386	0.97255	0.96972	0.97915	0.99413	0.97953	0.97702	0.98048	0.9718	0.97591	0.98228	0.98695	0.97	0.98725	0.98649	0.97701	0.97299	0.97675	0.97754	0.98467	0.97272	0.98417	0.99946	0.98744	0.97763	0.96649	0.97749	0.97379	0.98063	0.97154	0.97811	0.96293	0.98174	0.96726	0.98591	0.97205	0.99724	0.97697	0.98127	0.99162	0.97093	0.97615	0.99171	0.98594	0.9847	0.99598
-705	0.99855	0.99027	0.9815	0.99314	1.0095	0.9969	0.99248	0.99648	0.98651	0.9946	0.99648	1.00421	0.98479	0.99975	0.99999	0.99445	0.98939	0.99105	0.99102	1.00169	0.98936	0.99461	1.00991	1.00031	0.98832	0.98512	1.00024	0.98589	1.00096	0.99127	0.98848	0.98016	1.00205	0.98568	1.00154	0.98977	1.00909	0.99787	0.99262	1.00382	0.98052	0.99746	1.00337	1.01338	0.99933	1.01029
-690	1.00841	1.00611	0.99613	1.00736	1.02035	1.00773	1.00893	1.00998	0.9995	1.00676	1.00935	1.01684	0.99492	1.01155	1.0082	1.00733	1.00607	1.00877	0.9993	1.00735	1.00243	0.99714	1.01626	1.01062	1.00378	0.99591	1.01858	1.00044	1.00968	1.01191	0.99624	0.9955	1.0154	0.99301	1.00864	1.00381	1.01581	1.01386	1.00864	1.00977	0.99151	1.00936	1.01554	1.03093	1.00489	1.01451
-675	1.01532	1.01238	1.00573	1.01543	1.02145	1.01256	1.01543	1.01684	1.00583	1.01368	1.01215	1.02021	0.99698	1.01129	1.00692	1.00305	1.0122	1.01199	0.99928	1.0099	1.00578	1.00441	1.01074	1.01457	1.00976	1.00481	1.0277	1.00383	1.00979	1.01957	1.00831	1.00082	1.01874	1.00115	1.00953	1.00182	1.01868	1.01935	1.0129	1.01077	0.99929	1.01517	1.02116	1.03455	1.00518	1.01322
-660	1.00707	1.00646	0.99657	1.00546	1.01112	1.00934	1.01519	1.00852	1.00263	1.00906	1.00193	1.01225	0.9965	1.00373	0.99606	0.99516	1.00552	1.00757	0.99204	0.99923	0.99783	0.99803	1.0025	1.00223	1.0062	1.002	1.02646	0.9965	1.01109	1.02358	1.00415	1.00093	1.01461	1.00155	1.00779	0.99627	1.01304	1.01992	1.00308	1.00436	0.99282	1.00581	1.01014	1.02449	1.00015	1.00164
-645	0.99597	0.99376	0.98416	0.98575	0.99012	0.98898	1.00002	0.99381	0.99209	0.99445	0.98883	0.98793	0.99061	0.99006	0.98279	0.98641	0.99199	0.99818	0.97932	0.98581	0.98417	0.98302	0.98498	0.99218	0.9911	0.9888	1.0051	0.98945	1.0002	1.008	0.98795	0.98985	1.00083	0.99033	1.00127	0.98552	0.9922	1.00369	0.98763	0.98268	0.97957	0.98381	0.99191	1.01208	0.9832	0.98953
-630	0.97926	0.97396	0.97011	0.96059	0.96756	0.97436	0.9795	0.96898	0.97982	0.97315	0.96989	0.96222	0.97572	0.97536	0.96636	0.97489	0.97354	0.97784	0.96289	0.96593	0.96319	0.96518	0.97028	0.97532	0.96961	0.97231	0.97525	0.97857	0.9795	0.9901	0.96931	0.97165	0.98578	0.97334	0.98897	0.9667	0.9698	0.97803	0.96862	0.96367	0.96194	0.96454	0.96605	0.99017	0.96316	0.97171
-615	0.9584	0.95709	0.94557	0.94156	0.95179	0.95558	0.95346	0.94605	0.9634	0.94873	0.9501	0.94241	0.9547	0.95489	0.95007	0.95959	0.9572	0.95357	0.94215	0.94853	0.94477	0.95088	0.95602	0.95467	0.95087	0.95506	0.94223	0.96	0.95762	0.96663	0.94743	0.94903	0.96462	0.95485	0.9672	0.94328	0.95	0.9526	0.95175	0.94877	0.94276	0.94633	0.94633	0.9532	0.94504	0.95698
-600	0.94554	0.94057	0.93508	0.92426	0.93251	0.94305	0.93466	0.92077	0.94914	0.9316	0.93537	0.92907	0.93882	0.9386	0.93693	0.9496	0.94047	0.93544	0.93088	0.93869	0.93571	0.93912	0.94774	0.93745	0.93169	0.93669	0.91376	0.9459	0.93828	0.94009	0.93574	0.93258	0.94651	0.94053	0.94841	0.93207	0.93438	0.93689	0.9374	0.93808	0.92658	0.92102	0.93531	0.93767	0.93201	0.93979
-585	0.93318	0.9351	0.92619	0.91748	0.92989	0.93492	0.92925	0.91309	0.94456	0.92476	0.92787	0.92377	0.93838	0.93425	0.93226	0.94626	0.93049	0.92853	0.92602	0.93173	0.92703	0.93255	0.94621	0.92963	0.91864	0.92627	0.91084	0.9377	0.9276	0.92523	0.92664	0.92142	0.93925	0.93307	0.94132	0.92679	0.92731	0.93179	0.93055	0.9356	0.91485	0.91125	0.9248	0.92574	0.92735	0.94036
-570	0.93322	0.94172	0.92997	0.92166	0.93716	0.94003	0.93879	0.92424	0.94765	0.92652	0.93244	0.92447	0.94076	0.93481	0.93678	0.94662	0.92531	0.93128	0.93288	0.93913	0.92885	0.93362	0.95038	0.93136	0.92301	0.93525	0.91967	0.94188	0.92538	0.92623	0.92978	0.93004	0.93781	0.9435	0.94004	0.93524	0.93153	0.93688	0.93473	0.93913	0.92651	0.91507	0.92839	0.9271	0.93872	0.9371
-555	0.94709	0.95613	0.94213	0.93627	0.9549	0.95372	0.95315	0.93611	0.95431	0.94161	0.94908	0.93908	0.94532	0.94514	0.94826	0.9514	0.93374	0.95252	0.94512	0.95191	0.93866	0.9482	0.96252	0.94938	0.93775	0.94869	0.93656	0.94692	0.9422	0.94324	0.94464	0.94579	0.9541	0.96154	0.9525	0.95129	0.94723	0.9491	0.94532	0.95263	0.93121	0.93589	0.94267	0.94552	0.95173	0.95481
-540	0.96625	0.9782	0.96047	0.96313	0.98513	0.97189	0.9724	0.95078	0.96788	0.95867	0.97128	0.95582	0.9648	0.96019	0.96835	0.961	0.95257	0.97468	0.9644	0.96849	0.96032	0.96641	0.97715	0.9685	0.96208	0.96628	0.96296	0.96026	0.96321	0.96404	0.96209	0.96674	0.97196	0.98164	0.9654	0.96733	0.96878	0.96604	0.96657	0.97335	0.95515	0.95397	0.96094	0.96442	0.96569	0.97216
-525	0.98128	1.00291	0.97625	0.98466	1.00819	0.98339	0.99605	0.97134	0.97916	0.97868	0.99302	0.97567	0.97621	0.97897	0.9832	0.96915	0.9661	0.98594	0.98152	0.9839	0.98023	0.98931	0.9904	0.9871	0.99153	0.98246	0.98093	0.97989	0.98453	0.982	0.98689	0.98045	0.99417	1.00392	0.97886	0.98187	0.99444	0.98516	0.98504	0.99429	0.98609	0.97347	0.97796	0.98289	0.9867	0.98724
-510	0.99541	1.01584	0.98065	0.99705	1.01551	0.99574	1.0089	0.99349	0.99112	0.99461	1.0047	0.99097	0.98902	0.99036	0.99247	0.98294	0.97685	0.99868	1.00021	0.99907	0.99393	0.99861	1.00578	0.99269	1.00375	0.99252	0.9999	0.99364	1.00307	1.00113	0.99981	1.00184	1.00195	1.01402	0.99377	0.99653	1.01038	1.00457	1.0019	1.00914	1.0016	0.9885	0.99102	1.00114	1.00157	0.99998
-495	1.0055	1.0182	0.98887	1.00325	1.01563	1.00268	1.01244	1.00237	0.998	1.00231	1.00961	0.99408	0.99515	0.9952	0.99362	0.98659	0.99319	1.00307	1.00709	1.00398	0.99867	1.00142	1.00809	1.00211	1.00422	0.99389	1.00178	1.00389	1.0059	1.00654	1.00514	1.00837	1.00506	1.01808	0.99796	1.00219	1.01095	1.00388	1.00501	1.00812	1.00673	0.99794	0.99791	1.01218	1.00391	1.00336
-480	1.00273	1.01546	0.99215	1.00511	1.01089	1.00306	1.00661	0.99158	0.99685	0.99511	1.00322	0.99095	0.9892	0.99414	0.99024	0.9799	0.99335	0.98845	0.99702	0.99903	0.99435	0.99707	1.00191	0.99544	0.9995	0.98752	0.99117	1.00694	0.99642	1.00425	0.99956	0.9995	0.99976	1.0081	0.99319	0.99683	1.00057	0.99726	1.00022	1.00243	0.99798	0.99743	0.99198	0.99823	0.99422	1.00001
-465	0.98685	0.99983	0.98103	0.99595	0.99661	0.99504	0.98773	0.98396	0.98794	0.9796	0.98472	0.98204	0.97232	0.985	0.9766	0.96617	0.98829	0.97086	0.98007	0.9873	0.98355	0.98015	0.99016	0.97363	0.98126	0.96715	0.97364	0.99572	0.98406	0.99108	0.98271	0.9812	0.98487	0.99177	0.97482	0.98529	0.98436	0.98586	0.99122	0.98457	0.97858	0.98642	0.97732	0.96768	0.98017	0.98057
-450	0.96944	0.97418	0.96135	0.98398	0.97374	0.97156	0.96856	0.95735	0.97642	0.96047	0.96225	0.96793	0.95398	0.96938	0.95971	0.9555	0.97066	0.94651	0.96004	0.97116	0.96677	0.968	0.97014	0.95359	0.9609	0.94385	0.95173	0.98105	0.96443	0.96787	0.96405	0.95892	0.96856	0.96614	0.95166	0.96962	0.95755	0.97126	0.96703	0.95872	0.95644	0.9608	0.9605	0.95099	0.96265	0.95955
-435	0.94841	0.95382	0.9373	0.96351	0.95224	0.94598	0.95207	0.94078	0.96073	0.9404	0.93852	0.95015	0.93617	0.94776	0.93755	0.93871	0.95413	0.9263	0.94003	0.9502	0.94022	0.94808	0.94623	0.93766	0.93978	0.92216	0.93627	0.96187	0.94519	0.94391	0.94348	0.93989	0.95114	0.94225	0.92461	0.94221	0.9421	0.95072	0.94153	0.92853	0.93622	0.93881	0.94277	0.9308	0.94501	0.93777
-420	0.93087	0.93432	0.92675	0.94653	0.93168	0.93322	0.93989	0.9314	0.94865	0.92263	0.92576	0.93556	0.91884	0.93014	0.92298	0.92289	0.93477	0.91293	0.92229	0.93316	0.9195	0.93524	0.92555	0.92573	0.92957	0.9131	0.92287	0.93816	0.92388	0.92806	0.92578	0.92603	0.93198	0.92626	0.9066	0.92294	0.92325	0.93262	0.91838	0.90382	0.9219	0.92789	0.93413	0.9149	0.93341	0.92229
-405	0.92892	0.92823	0.92326	0.92963	0.925	0.92784	0.9284	0.92405	0.94265	0.92032	0.91911	0.93062	0.90639	0.92056	0.91531	0.91507	0.92719	0.91921	0.91332	0.9275	0.9121	0.92941	0.92173	0.92297	0.92419	0.90962	0.91333	0.92585	0.92505	0.92818	0.91756	0.9183	0.92758	0.91846	0.90005	0.91083	0.91982	0.92227	0.90748	0.89612	0.91182	0.92275	0.93028	0.91592	0.92211	0.92429
-390	0.93315	0.93359	0.92777	0.92759	0.92736	0.93456	0.93167	0.92669	0.94379	0.92831	0.92731	0.93791	0.91777	0.92912	0.92188	0.92036	0.93244	0.92132	0.91818	0.93464	0.91721	0.93738	0.92795	0.93032	0.93096	0.9221	0.92467	0.93033	0.93489	0.93632	0.91933	0.9244	0.93747	0.92406	0.90812	0.91729	0.9277	0.92669	0.91643	0.9042	0.92015	0.92446	0.93561	0.92998	0.9314	0.92657
-375	0.94701	0.95015	0.94838	0.92907	0.93792	0.94819	0.94453	0.94339	0.95141	0.94605	0.94276	0.95732	0.9328	0.93682	0.93481	0.93938	0.94229	0.93329	0.93262	0.94267	0.93177	0.94939	0.94319	0.9451	0.9441	0.93813	0.93691	0.94389	0.94939	0.94819	0.93551	0.93842	0.95629	0.94154	0.92691	0.9321	0.94513	0.948	0.93673	0.91835	0.93616	0.93063	0.95151	0.94851	0.94534	0.9364
-360	0.97162	0.96899	0.96832	0.9417	0.95214	0.96539	0.95764	0.96846	0.96682	0.97436	0.96475	0.97224	0.96233	0.95522	0.95208	0.9656	0.95989	0.95314	0.96158	0.96298	0.95005	0.96115	0.96435	0.96188	0.95352	0.96186	0.96136	0.9586	0.9671	0.97361	0.95119	0.96398	0.9744	0.9563	0.94874	0.95106	0.96616	0.97188	0.95884	0.94518	0.95631	0.9461	0.9736	0.96934	0.96204	0.95518
-345	0.99156	0.98245	0.98645	0.95286	0.96888	0.98172	0.97572	0.98801	0.98482	0.99558	0.97902	0.98404	0.98521	0.96812	0.96735	0.98302	0.98253	0.96915	0.97743	0.97821	0.96924	0.97338	0.97793	0.98172	0.96546	0.97823	0.97696	0.97254	0.97651	0.99042	0.96764	0.98334	0.99515	0.97588	0.96751	0.97337	0.9837	0.98669	0.97843	0.96737	0.97243	0.961	0.99259	0.98304	0.97954	0.96807
-330	0.99984	0.994	0.99952	0.96993	0.98041	0.99728	0.98775	0.99622	0.99258	1.00611	0.99067	0.99055	0.99685	0.98123	0.98558	0.99752	0.9972	0.98196	0.98786	0.98912	0.98752	0.97769	0.98855	0.9899	0.97312	0.98716	0.98732	0.98421	0.9817	1.00825	0.97946	0.99019	1.00815	0.99043	0.9833	0.98742	0.99099	0.99966	1.00083	0.98752	0.98179	0.97275	1.00728	0.99311	0.98531	0.97799
-315	1.00192	0.99791	1.00327	0.98048	0.98572	1.00523	0.98775	1.00245	0.99712	1.00801	0.99352	0.98756	0.99982	0.99279	0.99444	1.00431	1.00853	0.98926	0.99166	0.99055	0.99481	0.97176	0.99444	0.99687	0.98023	0.98337	0.98854	0.98762	0.98936	1.01195	0.98439	0.99491	1.01288	1.00012	0.99046	0.99324	0.98879	1.00782	1.00828	0.99754	0.9828	0.98493	1.00696	0.99026	0.98907	0.9821
-300	0.9946	0.98855	0.99094	0.98917	0.98174	0.99565	0.97927	0.99271	0.99483	0.99797	0.98247	0.98113	0.99173	0.98969	0.99427	1.00745	1.0015	0.98575	0.98583	0.99012	0.98869	0.96899	0.98898	0.99654	0.98526	0.97715	0.97783	0.98079	0.98413	1.00496	0.98149	0.99062	1.00421	0.99458	0.98516	0.9817	0.97599	1.00421	1.00131	0.99628	0.97689	0.98238	1.00912	0.98323	0.98267	0.98192
-285	0.97756	0.97673	0.9726	0.98436	0.97048	0.98047	0.96392	0.97853	0.98286	0.97982	0.966	0.96492	0.97495	0.9729	0.98375	0.99524	0.98974	0.97364	0.97066	0.97424	0.97145	0.95695	0.97313	0.98361	0.97174	0.96019	0.96626	0.96753	0.97435	0.99023	0.96967	0.97671	0.98814	0.98418	0.96704	0.96403	0.96735	0.98152	0.98719	0.9804	0.97067	0.96756	1.00377	0.96106	0.96695	0.9697
-270	0.95396	0.95795	0.9501	0.97411	0.95191	0.96063	0.9444	0.95943	0.96994	0.95415	0.94822	0.94455	0.95186	0.95754	0.96695	0.97121	0.96663	0.95914	0.95009	0.95011	0.95403	0.94151	0.95955	0.96624	0.9599	0.9385	0.94331	0.94891	0.95405	0.97126	0.95091	0.95493	0.96966	0.96294	0.94824	0.94382	0.94675	0.96602	0.96639	0.96353	0.95337	0.95965	0.98371	0.93974	0.94667	0.96136
-255	0.93542	0.94575	0.93268	0.95484	0.9332	0.9436	0.92659	0.9403	0.95599	0.93449	0.92913	0.92507	0.92761	0.93738	0.9487	0.94761	0.94512	0.94787	0.93039	0.93192	0.93839	0.91981	0.94527	0.94461	0.9422	0.92262	0.91904	0.93647	0.94041	0.9558	0.93457	0.93814	0.94963	0.94395	0.93063	0.92646	0.92964	0.94347	0.94565	0.94566	0.944	0.94978	0.96127	0.92541	0.92776	0.94684
-240	0.92129	0.93261	0.92107	0.94702	0.9243	0.93376	0.91712	0.92222	0.93963	0.92318	0.91319	0.91552	0.91881	0.92818	0.93414	0.9267	0.9314	0.93651	0.91457	0.92177	0.91858	0.91288	0.93662	0.92258	0.9291	0.91202	0.91464	0.92902	0.93595	0.93756	0.92275	0.92662	0.93259	0.92851	0.91857	0.9195	0.91917	0.93116	0.93111	0.9292	0.93244	0.94077	0.94384	0.92285	0.92167	0.92422
-225	0.92155	0.92939	0.92199	0.93706	0.9287	0.93889	0.91406	0.91857	0.93323	0.92027	0.91159	0.92056	0.92548	0.92007	0.92944	0.92295	0.92187	0.93369	0.91209	0.9153	0.91222	0.91796	0.93798	0.91343	0.92285	0.91973	0.91293	0.92469	0.93043	0.92476	0.91999	0.92879	0.9299	0.92533	0.91427	0.91696	0.92266	0.92839	0.92887	0.91478	0.93688	0.94175	0.94046	0.9231	0.9132	0.92012
-210	0.93541	0.94006	0.92924	0.94002	0.94262	0.9438	0.92797	0.92892	0.9388	0.93503	0.92737	0.9296	0.93799	0.92699	0.93414	0.93201	0.9248	0.94027	0.92553	0.92592	0.91959	0.93097	0.95233	0.91935	0.92684	0.93622	0.92522	0.92959	0.93224	0.93626	0.9245	0.94009	0.93962	0.92903	0.92094	0.92755	0.93918	0.93004	0.93198	0.92307	0.9479	0.9448	0.93921	0.93988	0.92616	0.93327
-195	0.95526	0.95374	0.93973	0.94469	0.9627	0.96671	0.95112	0.95305	0.95191	0.9547	0.94393	0.94832	0.95063	0.93926	0.94794	0.94665	0.94298	0.95733	0.93977	0.94692	0.93688	0.95146	0.97197	0.93769	0.94131	0.95106	0.94067	0.94483	0.94087	0.95367	0.94025	0.9571	0.95622	0.94066	0.93359	0.95013	0.95884	0.94271	0.94598	0.93769	0.96115	0.95497	0.95239	0.96113	0.94874	0.94438
-180	0.97644	0.96939	0.96001	0.9657	0.98176	0.99782	0.97867	0.97651	0.96535	0.98026	0.97104	0.97624	0.96707	0.95986	0.97166	0.97019	0.96502	0.97555	0.96604	0.96824	0.96211	0.97026	0.99906	0.9667	0.95772	0.97714	0.9718	0.96403	0.95616	0.98614	0.9536	0.98028	0.97805	0.96402	0.95242	0.97049	0.97983	0.96635	0.96635	0.95768	0.98112	0.9735	0.96812	0.99362	0.97517	0.96314
-165	0.99909	0.99278	0.98766	0.98443	1.00528	1.02212	0.99951	0.9984	0.98844	1.00448	0.99591	0.99977	0.98807	0.98113	0.99537	0.99036	0.98647	0.99422	0.98397	0.99146	0.98371	0.98526	1.02198	0.99389	0.98197	0.99811	1.00204	0.98442	0.97167	1.00825	0.97025	1.00641	0.99906	0.98165	0.9736	0.98802	0.99571	0.98301	0.98059	0.98172	0.99345	0.99926	0.98592	1.0201	1.00837	0.98873
-150	1.01237	1.00736	1.00592	1.00066	1.01545	1.04493	1.01345	1.01231	1.00739	1.024	1.00507	1.02469	1.00479	0.99964	1.0096	1.00952	1.00138	1.01025	0.99644	1.01517	0.99996	0.99891	1.03671	1.01416	1.00846	1.01377	1.01679	0.99821	0.9896	1.0237	0.98255	1.01737	1.01605	0.99459	0.98576	0.9993	1.00592	0.99976	0.99636	0.99729	0.99926	1.01713	1.00676	1.03484	1.03253	1.01076
-135	1.01897	1.01493	1.0138	1.00915	1.01385	1.05622	1.02174	1.0219	1.01861	1.03633	1.01303	1.03655	1.01225	1.01879	1.01702	1.01696	1.007	1.01184	1.003	1.02453	1.00786	1.00859	1.04378	1.03128	1.01936	1.02178	1.03028	1.00943	1.00178	1.03423	0.99092	1.0212	1.02507	1.00416	0.9936	1.00299	1.01484	1.00296	1.01097	1.00863	1.00912	1.02394	1.02035	1.04738	1.04663	1.02404
-120	1.02167	1.01294	1.00879	1.01042	1.00367	1.0499	1.01863	1.02141	1.0225	1.03573	1.01034	1.03595	1.0056	1.01991	1.01616	1.01313	1.01042	1.00865	0.99908	1.02334	1.01168	1.00088	1.04195	1.03447	1.0164	1.01781	1.02904	1.0144	0.99904	1.03004	0.99135	1.0126	1.02714	0.99778	0.99454	0.99113	1.01109	1.01113	1.01277	1.00934	1.0002	1.0321	1.01616	1.05006	1.05086	1.03316
-105	1.01273	1.00765	0.99992	0.99795	0.98524	1.03879	1.01062	1.01253	1.01519	1.02905	0.99766	1.02496	0.99478	1.00924	1.00681	1.00528	1.00705	1.00181	0.98451	1.01651	1.00222	0.98612	1.03357	1.02266	1.00421	1.01323	1.02389	1.01052	0.99169	1.01778	0.98497	0.99711	1.02258	0.99012	0.99094	0.97226	0.99361	0.99976	1.00204	1.0002	0.98766	1.0277	1.00869	1.03522	1.04389	1.03844
-90	0.99961	0.99396	0.98286	0.99039	0.9765	1.02154	1.00113	0.99796	1.00295	1.01359	0.9798	1.00594	0.9824	0.99558	0.98864	0.98917	1.00147	0.99129	0.96742	1.00487	0.98639	0.97563	1.02354	1.00475	0.99088	1.00308	1.01778	1.00484	0.98684	1.00228	0.97732	0.97839	1.01483	0.97679	0.98051	0.94959	0.9763	0.98426	0.98982	0.98958	0.96866	1.01831	0.99461	1.02759	1.03237	1.0395
-75	0.98896	0.98193	0.96417	0.96614	0.97113	1.00522	0.98947	0.98245	0.99565	0.99734	0.96995	0.99605	0.97361	0.98045	0.97813	0.9828	0.9915	0.97616	0.94901	0.98831	0.97046	0.9673	1.0117	0.99452	0.98006	1.00132	1.0037	0.99833	0.97736	0.99309	0.96641	0.96408	1.01042	0.96358	0.96539	0.93039	0.96201	0.97214	0.97658	0.97608	0.96164	1.01185	0.98495	1.01831	1.02034	1.03809
-60	0.98116	0.97803	0.95435	0.95166	0.96181	0.98573	0.98209	0.97832	0.98265	0.98506	0.96401	0.97721	0.96093	0.96147	0.97214	0.97947	0.98816	0.97406	0.94038	0.97902	0.9624	0.96729	1.00674	0.99061	0.97247	0.99663	0.99277	0.98641	0.96881	0.99519	0.95744	0.95327	1.00806	0.95338	0.96117	0.91918	0.94868	0.95913	0.95689	0.96952	0.94628	1.0037	0.97142	1.01721	1.01985	1.0398
-45	0.9767	0.974	0.94569	0.94191	0.96352	0.98403	0.97984	0.9748	0.97898	0.97756	0.95997	0.96721	0.95024	0.94879	0.97186	0.97647	0.99014	0.97423	0.93759	0.97957	0.9531	0.96641	1.00506	0.98414	0.969	0.98327	0.98931	0.98498	0.97128	1.00035	0.95166	0.94995	1.00857	0.94156	0.95346	0.9173	0.93485	0.96086	0.94799	0.96212	0.93814	1.00436	0.96988	1.01145	1.02032	1.02565
-30	0.97025	0.97147	0.9469	0.94243	0.96536	0.9808	0.97733	0.96967	0.97567	0.97543	0.96014	0.96566	0.94376	0.94244	0.97276	0.97787	0.98545	0.97182	0.93917	0.97784	0.95061	0.96413	1.00695	0.98579	0.96324	0.98133	0.98905	0.98403	0.97026	1.00756	0.94297	0.943	1.00888	0.93653	0.95149	0.91659	0.92995	0.95921	0.9459	0.95579	0.93362	1.00402	0.96935	1.00973	1.02464	1.02248
-15	0.96596	0.97279	0.94656	0.94347	0.96657	0.97432	0.96989	0.9595	0.97841	0.97508	0.96028	0.96472	0.93904	0.9435	0.97851	0.97708	0.98331	0.97693	0.93778	0.9759	0.94605	0.95928	1.00912	0.97851	0.9667	0.9719	0.99233	0.98659	0.96667	1.0059	0.937	0.94162	1.0088	0.9295	0.94904	0.92034	0.92382	0.94762	0.94368	0.9554	0.92778	1.00821	0.96952	1.01094	1.02548	1.01754
0	0.9599	0.96553	0.94791	0.94343	0.96678	0.97792	0.96542	0.95826	0.97774	0.97747	0.95167	0.96435	0.9377	0.94933	0.97966	0.97484	0.98309	0.97642	0.93705	0.97915	0.94144	0.95712	1.00717	0.9767	0.96959	0.96162	0.98403	0.97731	0.97175	0.99935	0.93399	0.93506	1.00076	0.92968	0.94447	0.92354	0.92655	0.94534	0.94434	0.95157	0.92489	1.00995	0.96761	1.01285	1.02503	1.00945
15	0.95786	0.96382	0.94859	0.94107	0.96489	0.9809	0.95863	0.96063	0.97082	0.97717	0.94944	0.97014	0.9421	0.96353	0.98073	0.97502	0.98198	0.97218	0.93921	0.97737	0.94	0.95485	1.00362	0.97825	0.97409	0.96157	0.9866	0.97728	0.97373	0.99378	0.93027	0.92752	0.99417	0.92908	0.94845	0.92165	0.93504	0.94211	0.95194	0.95005	0.92879	1.01059	0.95831	1.01788	1.02008	1.00413
30	0.95855	0.96169	0.95115	0.94603	0.96728	0.98513	0.95609	0.96685	0.96963	0.9845	0.95298	0.97297	0.93929	0.96231	0.98037	0.96876	0.98489	0.97005	0.93661	0.97649	0.94303	0.94963	1.00232	0.97436	0.97117	0.9616	0.99231	0.97727	0.97048	0.98538	0.93313	0.92181	0.99027	0.92657	0.94638	0.92402	0.93645	0.94581	0.95218	0.94835	0.93027	1.0088	0.95203	1.00444	1.01421	1.00031
45	0.96175	0.96259	0.96323	0.95125	0.97266	0.9987	0.96165	0.97998	0.96881	0.98953	0.95651	0.98153	0.94993	0.96631	0.97819	0.9677	0.98961	0.97137	0.94009	0.97678	0.94428	0.95408	1.00634	0.97274	0.97268	0.97456	0.99749	0.97783	0.96678	0.97795	0.94201	0.92634	0.99429	0.93499	0.95294	0.93377	0.94274	0.94517	0.95941	0.95167	0.94011	1.00453	0.95201	0.98936	1.01176	1.00403
60	0.97409	0.97013	0.97227	0.961	0.98596	1.00698	0.97506	0.9879	0.97781	0.99787	0.96968	0.99123	0.96445	0.97345	0.98025	0.97123	0.99712	0.97474	0.94935	0.98432	0.95896	0.96379	1.00973	0.98638	0.97784	0.99243	1.00709	0.98572	0.97422	0.98625	0.95824	0.93691	1.00341	0.95282	0.95975	0.95168	0.95269	0.95208	0.9692	0.9636	0.95085	1.00637	0.95194	0.99439	1.01522	1.01053
75	0.99135	0.98597	0.99001	0.96762	1.00286	1.02369	0.99162	0.99752	0.99255	1.01304	0.98339	1.00417	0.98267	0.98557	0.9928	0.98499	1.00807	0.98317	0.96477	0.99347	0.97451	0.97315	1.01696	0.99941	0.99126	1.01356	1.01536	0.99437	0.98767	1.00591	0.97501	0.96001	1.01203	0.96873	0.97307	0.97311	0.97163	0.96968	0.98074	0.97496	0.97104	1.01393	0.96336	1.00157	1.02557	1.01586
90	1.00704	1.00656	1.00415	0.98463	1.01061	1.03479	1.00779	1.02006	1.00616	1.02771	0.99704	1.0102	1.0002	0.99724	1.00553	1.00604	1.0163	1.00135	0.98491	1.00563	0.99941	0.99419	1.02921	1.01267	1.00678	1.03292	1.02707	1.00246	0.99915	1.02506	0.99531	0.98981	1.02466	0.99	0.99002	0.99367	0.99008	0.98662	0.98729	0.98567	0.98059	1.0259	0.97991	1.01144	1.04105	1.03171
105	1.01962	1.02224	1.01247	0.99627	1.01717	1.04532	1.02169	1.02957	1.02143	1.03958	1.00616	1.02086	1.01432	1.00134	1.01331	1.02495	1.01734	1.01109	1.00251	1.02074	1.01574	1.00895	1.03781	1.02136	1.01843	1.03672	1.03756	1.01442	1.01147	1.04238	1.00605	1.01151	1.03286	1.0045	1.00092	1.00856	1.00048	1.00644	1.00314	0.99497	0.99625	1.03525	0.99658	1.02812	1.0481	1.03134
120	1.01935	1.02795	1.01618	1.00327	1.01298	1.04098	1.02589	1.03243	1.02319	1.04313	1.00883	1.01827	1.01678	1.00398	1.01195	1.03436	1.01057	1.01049	1.00415	1.02729	1.02437	1.00942	1.03933	1.02735	1.02073	1.03684	1.02942	1.01792	1.01287	1.04305	1.00731	1.01447	1.02591	1.00886	1.00727	1.01134	1.00715	1.01265	1.00405	0.99876	0.99766	1.0396	1.00763	1.03222	1.04048	1.03363
135	1.01006	1.02041	1.00613	1.0005	1.00208	1.02555	1.01548	1.02369	1.01843	1.03051	1.00345	1.01006	1.00996	1.00092	1.00647	1.02844	0.9979	1.00314	1.00056	1.02059	1.01848	0.99821	1.0339	1.01286	1.01994	1.02437	1.01284	1.01364	1.00456	1.03275	0.99964	1.0149	1.01293	1.00658	0.99265	1.00122	1.00141	1.00771	0.99401	0.99283	0.99649	1.03894	1.0054	1.03132	1.02606	1.02282
150	0.99327	0.99999	0.98843	0.98713	0.9885	1.00718	0.99841	1.01155	1.00328	1.00883	0.98844	0.99366	0.99207	0.98276	0.99276	1.01811	0.9818	0.98687	0.98727	1.00749	1.00237	0.98592	1.01653	0.99176	0.99902	0.99787	0.99071	0.99054	0.98966	1.01126	0.98584	0.9959	0.99369	0.99615	0.98175	0.98256	0.98883	0.99409	0.97363	0.97985	0.98106	1.02332	0.99594	1.01974	1.00727	1.00251
165	0.96881	0.98307	0.96345	0.96628	0.96682	0.98168	0.97078	0.99299	0.97303	0.98048	0.97124	0.97291	0.97053	0.96579	0.97455	0.99386	0.95969	0.96884	0.9663	0.98006	0.97969	0.9601	0.99145	0.96842	0.98324	0.97271	0.96457	0.96883	0.96984	0.98325	0.96548	0.96526	0.9691	0.97435	0.96088	0.9556	0.96675	0.974	0.95495	0.95971	0.96336	1.0001	0.97187	0.99842	0.9789	0.97703
180	0.94333	0.95387	0.93562	0.94995	0.94227	0.95508	0.94851	0.97133	0.94928	0.95479	0.95337	0.94791	0.94477	0.94656	0.95439	0.96402	0.94192	0.94847	0.94191	0.95584	0.95422	0.93643	0.96705	0.94117	0.955	0.94796	0.94509	0.94036	0.95013	0.95319	0.93848	0.93213	0.94456	0.94711	0.93305	0.93167	0.94129	0.95105	0.93454	0.94393	0.94501	0.96878	0.95216	0.96663	0.95384	0.9495
195	0.92894	0.92978	0.92388	0.92876	0.92607	0.92989	0.92969	0.95286	0.92787	0.9253	0.93494	0.93599	0.93301	0.92967	0.93574	0.94355	0.92767	0.92536	0.92234	0.92937	0.93348	0.91784	0.94564	0.92205	0.93376	0.93321	0.9199	0.92122	0.92765	0.92541	0.92308	0.90665	0.92629	0.93124	0.91773	0.91662	0.92941	0.93178	0.92429	0.93074	0.93002	0.94625	0.93342	0.94292	0.93599	0.92634
210	0.92124	0.921	0.91407	0.91394	0.91755	0.91251	0.9212	0.93868	0.92071	0.91545	0.92667	0.93127	0.92163	0.92388	0.92626	0.92755	0.91855	0.9127	0.91405	0.9157	0.92258	0.9099	0.93343	0.91679	0.92111	0.92622	0.91277	0.90904	0.91957	0.9138	0.91481	0.89168	0.91845	0.92495	0.91027	0.91074	0.92093	0.92088	0.92073	0.92435	0.91795	0.92791	0.92158	0.92596	0.92595	0.91504
225	0.92758	0.92703	0.91973	0.91804	0.91886	0.91738	0.92623	0.93256	0.93057	0.92288	0.92716	0.93585	0.92151	0.92915	0.92786	0.92614	0.9209	0.91543	0.9238	0.91552	0.92431	0.91262	0.93224	0.91815	0.92108	0.92809	0.91312	0.91588	0.92039	0.91982	0.91947	0.89715	0.91892	0.92306	0.92062	0.91501	0.93345	0.92191	0.92844	0.9279	0.92	0.9235	0.93068	0.92767	0.92822	0.91742
240	0.94415	0.93744	0.93191	0.93369	0.92627	0.92608	0.94126	0.9446	0.94965	0.93814	0.93359	0.95219	0.93252	0.9423	0.93851	0.9437	0.93209	0.93097	0.94025	0.92309	0.93619	0.93433	0.94198	0.93342	0.93244	0.93379	0.93236	0.93524	0.93329	0.9349	0.93226	0.91356	0.93156	0.93598	0.93133	0.93099	0.95298	0.92801	0.94421	0.93799	0.93242	0.92697	0.9476	0.93355	0.93797	0.93855
255	0.96512	0.95336	0.95175	0.94964	0.942	0.94868	0.96397	0.9584	0.96666	0.96058	0.95152	0.96741	0.9472	0.95437	0.95648	0.96522	0.95018	0.94749	0.96127	0.94356	0.9519	0.95391	0.95823	0.95361	0.94943	0.94991	0.95612	0.96038	0.95112	0.95848	0.95091	0.93377	0.95397	0.95731	0.9486	0.95218	0.97275	0.94353	0.96584	0.95672	0.95305	0.94444	0.9662	0.95099	0.95247	0.9545
270	0.98524	0.97248	0.98029	0.96582	0.95886	0.97316	0.98777	0.97594	0.98548	0.98073	0.97707	0.98769	0.95932	0.9718	0.97421	0.9788	0.97138	0.9663	0.97817	0.96787	0.97071	0.96383	0.97879	0.97575	0.9681	0.96578	0.97439	0.98767	0.97498	0.97598	0.96571	0.95613	0.96788	0.97707	0.97305	0.9683	0.99642	0.96168	0.98028	0.97837	0.96949	0.97039	0.98737	0.96505	0.96912	0.98144
285	1.00202	0.98734	0.99897	0.98221	0.97158	0.99356	1.00328	0.99084	1.00108	0.99479	0.99715	0.99922	0.97302	0.98624	0.98706	0.99222	0.98421	0.98152	0.99422	0.98822	0.98131	0.9784	0.9957	0.99119	0.98927	0.98278	0.98199	1.00712	0.99188	0.99281	0.98511	0.97979	0.98613	0.9929	0.98132	0.98079	1.01179	0.97843	0.99117	0.99043	0.98475	1.00026	0.99897	0.97207	0.98304	0.99882
300	1.00707	0.99216	1.00894	0.99257	0.97689	1.00525	1.01078	0.99226	1.00943	1.00361	1.00643	1.00411	0.97923	0.98609	0.99782	0.99485	0.99266	0.99039	1.00176	0.99689	0.98375	0.99038	1.0016	0.99722	0.99287	0.98292	0.9896	1.01597	1.00123	0.99578	0.99162	0.98971	0.99723	1.0009	0.99475	0.9875	1.01598	0.98754	0.99199	0.99525	0.99255	1.00684	1.00946	0.97871	0.99183	1.00585
315	1.00335	0.99041	1.00275	0.98973	0.97888	1.00566	1.0034	0.98657	1.00002	1.0006	1.00923	0.99076	0.97618	0.98779	0.99713	0.97961	0.98644	0.99156	0.99755	0.99441	0.98071	0.98369	0.99543	1.00085	0.99114	0.98336	0.98862	1.00949	0.9934	0.98941	0.98748	0.98811	0.99173	0.99814	0.99163	0.98156	1.00922	0.98677	0.98126	0.98992	0.99581	1.00608	0.99876	0.97727	0.9864	1.00384
330	0.99082	0.97867	0.9792	0.98032	0.97269	0.98863	0.98878	0.97178	0.98886	0.9861	0.99111	0.97362	0.96707	0.97887	0.98681	0.9713	0.97864	0.97986	0.98526	0.98659	0.96835	0.97258	0.98273	0.98963	0.97267	0.97584	0.97686	0.99084	0.98084	0.97749	0.96734	0.97889	0.98462	0.98633	0.97778	0.97195	0.99748	0.97842	0.97091	0.9766	0.98431	0.98994	0.98024	0.96588	0.97819	0.98856
345	0.96899	0.96276	0.95639	0.95432	0.96107	0.96455	0.96349	0.95312	0.96882	0.96747	0.96936	0.94844	0.95298	0.95868	0.9665	0.95737	0.95707	0.95586	0.96223	0.96563	0.94728	0.95936	0.96567	0.96791	0.95906	0.96211	0.95521	0.9683	0.95949	0.95562	0.95467	0.96481	0.96777	0.97147	0.96112	0.95724	0.97898	0.96322	0.94908	0.95844	0.96784	0.97312	0.95931	0.95357	0.96312	0.96488
360	0.94807	0.94843	0.93026	0.92462	0.94402	0.93618	0.94005	0.94278	0.95147	0.95034	0.94188	0.93669	0.93285	0.94013	0.94325	0.93811	0.93484	0.93743	0.94381	0.94525	0.92382	0.94156	0.94445	0.94924	0.93546	0.9442	0.93924	0.94414	0.93876	0.93565	0.93325	0.94464	0.95298	0.95024	0.94584	0.9355	0.95196	0.94245	0.9278	0.94283	0.9484	0.94911	0.93712	0.93709	0.94424	0.9411
375	0.93149	0.93456	0.91316	0.91349	0.92902	0.92279	0.9215	0.92232	0.93943	0.9405	0.91932	0.92214	0.92044	0.92091	0.92282	0.92651	0.91727	0.92879	0.92642	0.93086	0.90669	0.92694	0.92583	0.93252	0.9176	0.92554	0.93017	0.93144	0.9141	0.92293	0.92041	0.92357	0.94074	0.93133	0.92868	0.92263	0.93647	0.92895	0.91549	0.92822	0.9356	0.92917	0.92513	0.92846	0.92745	0.92282
390	0.92429	0.92533	0.91011	0.91384	0.91981	0.90807	0.91583	0.92182	0.93157	0.9346	0.90622	0.91903	0.91745	0.91828	0.91365	0.92886	0.91598	0.92129	0.91561	0.92173	0.89648	0.92106	0.9194	0.92806	0.91029	0.91364	0.9306	0.92257	0.91436	0.91531	0.91379	0.90997	0.92953	0.92326	0.92096	0.91812	0.92689	0.91755	0.90866	0.92162	0.93197	0.91605	0.92316	0.9248	0.9183	0.91635
405	0.92836	0.92584	0.92155	0.92306	0.92575	0.91689	0.92137	0.92663	0.94026	0.94177	0.91415	0.92278	0.92051	0.92221	0.91767	0.93545	0.92802	0.92358	0.91749	0.9268	0.9017	0.91551	0.92371	0.92808	0.90968	0.92138	0.93928	0.92921	0.9223	0.922	0.92541	0.91036	0.93584	0.92855	0.92198	0.92295	0.93085	0.91742	0.91458	0.92675	0.93059	0.91877	0.92963	0.9298	0.92772	0.91705
420	0.94296	0.94085	0.94162	0.94358	0.9336	0.94019	0.93929	0.94153	0.95593	0.95358	0.93213	0.94374	0.93527	0.93165	0.93405	0.95196	0.94806	0.93904	0.92987	0.93614	0.91898	0.92177	0.94193	0.94226	0.91964	0.93506	0.95021	0.94749	0.94516	0.93971	0.93954	0.92663	0.94572	0.9447	0.94284	0.9386	0.94766	0.92848	0.93048	0.94401	0.94103	0.93717	0.94538	0.9515	0.95046	0.93397
435	0.96524	0.96067	0.97266	0.96935	0.95199	0.9615	0.96178	0.96131	0.97606	0.97269	0.95227	0.96442	0.95473	0.95621	0.95628	0.97142	0.9672	0.96302	0.94752	0.95919	0.94304	0.9398	0.96236	0.96306	0.94389	0.95818	0.96387	0.97092	0.96973	0.96551	0.96661	0.95041	0.97001	0.9607	0.96295	0.95916	0.96925	0.95334	0.95332	0.96438	0.95312	0.96544	0.96191	0.96503	0.96916	0.95365
450	0.98611	0.98241	1.00238	0.99231	0.97284	0.98393	0.98477	0.97853	0.99273	0.99579	0.97617	0.98318	0.97477	0.97798	0.97935	0.98215	0.98654	0.98217	0.97052	0.9772	0.96882	0.95483	0.98032	0.97727	0.96643	0.97558	0.98479	0.99629	0.98673	0.98362	0.98846	0.97186	0.99238	0.97747	0.98886	0.98122	0.98801	0.97763	0.97743	0.98316	0.97525	0.98489	0.98954	0.99003	0.99198	0.97817
465	1.00457	1.00129	1.01694	1.00919	0.99634	1.01123	0.99653	0.99061	1.00309	1.00872	0.9981	0.993	0.98953	1.00448	0.99359	0.99349	0.99841	0.99966	0.99056	0.99206	0.99001	0.97073	0.99649	0.99448	0.98097	0.99334	1.00597	1.01249	0.99868	1.00232	1.00515	0.99253	1.00862	0.99055	1.00357	0.99814	1.00404	0.99624	0.99625	0.9968	0.98503	1.00423	1.00229	0.99688	1.00883	1.00048
480	1.01337	1.00341	1.01736	1.01923	1.00704	1.02024	1.00159	0.99939	1.0065	1.01468	1.00099	0.99523	0.995	1.01011	1.00071	0.99748	1.00167	1.00595	1.00358	1.00174	0.99781	0.98234	1.00416	0.99301	0.99791	0.99934	1.00398	1.01599	1.00647	1.00863	1.00752	1.00957	1.01932	1.00016	1.00809	1.00988	1.01095	1.00504	1.00751	1.00304	0.98813	1.0084	1.00952	1.00047	1.02168	1.01119
495	1.00842	1.0003	1.00755	1.00752	1.00212	1.01399	0.99614	0.9985	0.99665	1.00783	0.99985	0.98928	0.98811	1.00653	0.99716	0.99056	0.99231	0.99915	1.00269	1.00255	0.9916	0.98213	1	0.98638	1.00127	0.99613	1.00094	1.0115	0.99834	1.00333	1.00036	1.00653	1.01396	0.99635	1.00469	1.00742	1.00479	1.00101	0.99963	1.00223	0.98255	1.00875	1.00342	0.998	1.01702	1.01207
510	1.00223	0.99093	0.99143	0.98488	0.98995	0.99698	0.98359	0.98784	0.981	0.99228	0.98626	0.98198	0.97769	0.99638	0.98418	0.97461	0.98122	0.98357	0.99633	0.99083	0.98368	0.97269	0.98691	0.97644	0.99292	0.97978	0.99018	0.99641	0.98644	0.99318	0.97967	0.98997	1.00173	0.98673	0.99377	0.99233	0.98866	0.9883	0.99208	0.99213	0.97029	0.99705	0.98879	0.98573	1.00281	1.00448
525	0.98309	0.97268	0.97507	0.97	0.97278	0.97573	0.96437	0.96584	0.95995	0.97687	0.96475	0.96485	0.96558	0.97987	0.96571	0.95794	0.96264	0.96796	0.9773	0.97516	0.96436	0.96079	0.96945	0.95828	0.9846	0.95664	0.97483	0.97716	0.96311	0.97266	0.96257	0.96427	0.97801	0.97079	0.97073	0.97071	0.96898	0.97248	0.9791	0.97432	0.95272	0.97671	0.97044	0.96352	0.98215	0.98465
540	0.96444	0.95485	0.95484	0.95522	0.9496	0.94228	0.94725	0.95578	0.94318	0.95863	0.94746	0.95126	0.95317	0.96257	0.9466	0.94158	0.94961	0.94889	0.95398	0.95816	0.9431	0.95006	0.9539	0.94751	0.97368	0.93751	0.95436	0.9555	0.95209	0.94905	0.94447	0.94418	0.95193	0.95246	0.95103	0.94745	0.94905	0.95217	0.96298	0.95427	0.94	0.95951	0.94742	0.94807	0.96381	0.9623
555	0.94917	0.9371	0.9459	0.94378	0.93852	0.9283	0.93622	0.94042	0.9341	0.94562	0.93258	0.94305	0.94248	0.94348	0.93158	0.92299	0.93929	0.93526	0.93567	0.94538	0.92895	0.93964	0.93922	0.94	0.95978	0.92572	0.93895	0.94138	0.94077	0.93762	0.93789	0.92994	0.94098	0.94072	0.93163	0.93442	0.93655	0.93758	0.95354	0.93851	0.92752	0.94009	0.93143	0.92941	0.95186	0.94445
570	0.9383	0.93519	0.94039	0.93731	0.93251	0.92349	0.93509	0.9385	0.92917	0.9369	0.92578	0.94065	0.93899	0.92974	0.92618	0.92205	0.93844	0.935	0.92479	0.93819	0.9228	0.93162	0.93617	0.94077	0.9567	0.92365	0.92888	0.93498	0.93891	0.93878	0.93031	0.92776	0.93913	0.93654	0.92654	0.93035	0.93016	0.93796	0.94984	0.93231	0.92894	0.93776	0.92444	0.9232	0.94799	0.93684
585	0.94916	0.94158	0.95228	0.9408	0.93964	0.93022	0.94496	0.94369	0.9352	0.94142	0.92877	0.94827	0.93682	0.93713	0.93237	0.92916	0.93981	0.94295	0.92821	0.94661	0.92861	0.93878	0.94081	0.95262	0.95882	0.92718	0.93238	0.93983	0.9453	0.94577	0.93995	0.93627	0.95045	0.93376	0.93844	0.93746	0.93514	0.95042	0.95629	0.94349	0.93459	0.94123	0.92845	0.92347	0.94809	0.94589
600	0.96354	0.96209	0.9666	0.95433	0.95829	0.95059	0.96437	0.9607	0.94498	0.9583	0.94852	0.96099	0.94606	0.94866	0.94911	0.94164	0.94922	0.95295	0.94056	0.955	0.9452	0.95017	0.9564	0.96675	0.96405	0.94354	0.94841	0.95606	0.95936	0.96097	0.95444	0.95161	0.96699	0.94912	0.95274	0.95416	0.94803	0.96781	0.97151	0.96051	0.95314	0.95642	0.94505	0.93761	0.95592	0.95952
615	0.98151	0.97765	0.98182	0.97513	0.97795	0.97812	0.98032	0.97511	0.96708	0.97668	0.96939	0.98241	0.96553	0.96924	0.9699	0.96571	0.9671	0.97383	0.96117	0.96979	0.96419	0.97027	0.97716	0.98904	0.97656	0.97141	0.96403	0.97426	0.9801	0.98085	0.97542	0.97654	0.98584	0.96872	0.97497	0.9738	0.97163	0.98037	0.98867	0.98385	0.97139	0.97642	0.96613	0.95743	0.97628	0.97505
630	0.99904	0.98919	0.99079	0.99167	0.99296	0.99854	1.00073	0.99007	0.98428	0.99582	0.988	0.9988	0.97837	0.98716	0.98933	0.98141	0.98114	0.99439	0.9815	0.98865	0.98342	0.98736	0.99228	1.00483	0.99502	0.98919	0.97688	0.9874	1.00238	0.9971	0.99211	0.99462	1.00189	0.98378	0.99768	0.99271	0.99217	0.99951	0.99592	1.00281	0.99483	0.99794	0.98944	0.98921	0.99759	0.99653
645	1.01286	1.00447	0.99969	1.00074	1.00691	1.01073	1.01691	1.00199	0.99622	1.00794	1.00734	1.01367	0.9898	1.0065	1.00287	0.99566	0.99423	1.00485	0.99744	1.0068	0.99263	0.99936	1.00656	1.02014	0.99791	1.00437	0.99766	1.00412	1.01156	1.01238	1.00486	1.00562	1.00816	0.99748	1.01351	1.00349	1.00442	1.01268	1.00479	1.0142	1.00329	1.01777	0.99662	1.00853	1.00788	1.01089
660	1.01799	1.01128	1.00702	1.00405	1.01761	1.01477	1.02021	1.00179	1.00448	1.01313	1.01725	1.01752	0.9974	1.01647	1.0082	1.00756	0.99952	1.01011	1.00365	1.01298	1.00327	1.00629	1.01503	1.01805	1.00824	1.01358	1.00081	1.01014	1.01812	1.01562	1.00716	1.01147	1.00954	1.00828	1.02148	1.00462	1.00797	1.01317	1.01291	1.01673	1.00996	1.02253	1.00738	1.01558	1.00889	1.01722
675	1.01209	1.00516	1.00053	0.99451	1.0133	1.00412	1.01644	0.99857	1.00377	1.00982	1.01462	1.0158	0.99771	1.01754	1.00577	1.007	0.99948	1.0054	1.00135	1.01179	0.99841	1.00682	1.00994	1.01174	1.00469	1.0094	1.00187	1.00635	1.00946	1.00759	1.00505	1.0023	1.00322	1.00945	1.01482	0.99231	1.00164	1.00536	1.0056	1.00982	1.00639	1.01961	1.00369	1.01456	0.9987	1.00735
690	0.99757	0.99403	0.98505	0.98268	0.99744	0.98759	1.0043	0.99586	0.99754	0.99964	1.00638	1.00171	0.99121	1.00305	0.99232	0.9957	0.98752	0.99579	0.98962	1.00096	0.9854	0.99864	0.9991	1.0007	1.00068	0.99618	1.0009	0.99135	0.99499	0.99301	0.99767	0.99165	1.00095	1.00389	1.0026	0.98049	0.98786	0.9913	0.99578	0.9916	1.00179	1.01285	0.99237	1.0037	0.98918	0.99278
705	0.97807	0.97614	0.97101	0.96975	0.9889	0.9691	0.9868	0.98024	0.97904	0.98273	0.98953	0.9867	0.97483	0.97988	0.97326	0.97711	0.97502	0.97743	0.97145	0.98316	0.97153	0.98124	0.98056	0.98733	0.98668	0.98352	0.9883	0.97709	0.97972	0.97731	0.98636	0.97437	0.98915	0.9921	0.98915	0.96803	0.97341	0.98033	0.97694	0.97293	0.99019	0.98718	0.98303	0.98284	0.97333	0.97666
720	0.9592	0.96172	0.95814	0.95088	0.97244	0.95132	0.96622	0.96959	0.96335	0.96334	0.97015	0.96688	0.96099	0.9603	0.95666	0.96274	0.96263	0.96546	0.95901	0.96871	0.956	0.96537	0.96363	0.97188	0.97097	0.96368	0.9736	0.96112	0.96342	0.95981	0.9689	0.95836	0.98313	0.97841	0.97382	0.95381	0.95615	0.96537	0.95755	0.95483	0.97987	0.96793	0.96711	0.95846	0.95651	0.96359
735	0.95276	0.9519	0.95348	0.94728	0.95924	0.94304	0.95482	0.96444	0.95063	0.95128	0.95829	0.95723	0.94838	0.94841	0.94868	0.95464	0.94813	0.94507	0.94799	0.95775	0.94861	0.95559	0.95374	0.9595	0.95922	0.94804	0.95754	0.95285	0.95603	0.94096	0.95854	0.95	0.97275	0.96226	0.97032	0.94843	0.94657	0.95731	0.94415	0.94928	0.96426	0.95001	0.95927	0.94737	0.94369	0.95594
750	0.94692	0.95206	0.95433	0.94461	0.95675	0.94107	0.95206	0.96371	0.94759	0.95062	0.96106	0.95721	0.94421	0.93533	0.95038	0.94665	0.9448	0.93779	0.94185	0.94698	0.94766	0.94949	0.95197	0.95522	0.94916	0.94652	0.95395	0.95253	0.9563	0.94339	0.95319	0.94296	0.96807	0.95891	0.95885	0.94553	0.94407	0.95425	0.9379	0.94649	0.95391	0.94256	0.95467	0.94184	0.94152	0.95047
765	0.95515	0.95294	0.96166	0.95288	0.95529	0.94924	0.95372	0.96185	0.95353	0.95758	0.96427	0.96517	0.9479	0.93638	0.95627	0.95394	0.95379	0.94519	0.9446	0.94789	0.95153	0.95531	0.95576	0.96052	0.95305	0.9524	0.95221	0.96183	0.96402	0.9527	0.95865	0.94796	0.96819	0.96123	0.96261	0.95629	0.95268	0.95434	0.94624	0.95756	0.96043	0.95154	0.96092	0.953	0.95621	0.95011
780	0.96621	0.96377	0.97324	0.96346	0.95836	0.96577	0.96545	0.96622	0.95901	0.97022	0.97739	0.97266	0.95862	0.94853	0.96713	0.9613	0.96347	0.96098	0.95624	0.96369	0.95857	0.96398	0.96493	0.96916	0.96	0.95813	0.96785	0.97152	0.97998	0.97016	0.9733	0.95619	0.97467	0.96435	0.97085	0.96774	0.96295	0.97413	0.95898	0.96792	0.96634	0.96576	0.97378	0.97248	0.97571	0.96532
795	0.97977	0.97747	0.99159	0.98347	0.98012	0.98808	0.98349	0.97778	0.97154	0.98609	0.99317	0.98694	0.97742	0.96802	0.98036	0.97637	0.97791	0.97983	0.97053	0.9846	0.9684	0.98021	0.98722	0.98108	0.97426	0.97676	0.98578	0.98609	0.99768	0.99109	0.98661	0.97755	0.98214	0.97234	0.98364	0.97774	0.97503	0.99036	0.98169	0.98466	0.97547	0.98198	0.98222	0.98807	0.99297	0.98443
810	0.99267	0.99327	1.00569	1.00163	0.99275	1.00372	0.99898	0.99666	0.98923	0.9974	1.00694	0.99915	0.98678	0.98895	0.99357	0.9879	0.98474	0.99881	0.98551	1.00098	0.9839	0.99282	1.00214	0.99404	0.99298	0.99363	0.99105	1.00142	1.01198	1.00986	0.99514	0.99736	0.9909	0.98711	0.99319	0.99137	0.99178	1.00064	1.00209	0.99952	0.98686	1.00302	1.00046	1.00959	1.00358	0.99813
825	1.00286	1.01034	1.01508	1.00834	1.00225	1.01875	1.01396	1.00928	1.00513	1.0046	1.01286	1.00568	0.99292	1.00491	1.00493	0.99843	0.99465	1.01169	0.99795	1.01288	0.99074	1.00537	1.01303	1.00379	1.0018	0.99896	1.00921	1.01151	1.0238	1.02482	0.99983	1.01141	1.00416	0.99879	1.00347	0.9969	1.00743	1.01114	1.01229	1.01151	0.99615	1.01104	1.01486	1.02781	1.01158	1.00571
840	1.00631	1.01889	1.01641	1.01358	1.00571	1.02794	1.01966	1.01558	1.01437	1.01137	1.01541	1.00458	0.99933	1.0106	1.01014	1.00256	1.00157	1.02095	1.00571	1.0154	0.99488	1.01402	1.01947	1.00576	1.01246	1.00169	1.02151	1.01674	1.02276	1.03242	1.00347	1.02202	1.0089	1.00657	1.01113	1.00319	1.01529	1.02012	1.01799	1.01596	1.004	1.02326	1.01612	1.03485	1.0208	1.00674
855	1.00658	1.01455	1.00539	1.0082	1.00554	1.02174	1.01691	1.00749	1.01331	1.00455	1.00721	1.006	0.9923	1.0089	1.00501	1.00037	1.00433	1.02055	1.00522	1.01201	0.99478	1.01198	1.01589	1.00531	1.00809	1.00106	1.02432	1.01952	1.019	1.03074	0.99645	1.01632	1.00833	1.00446	1.00757	1.0073	1.01537	1.01928	1.01165	1.01487	1.00229	1.01403	1.01515	1.03035	1.0186	1.00322
870	1.00007	1.00505	0.99594	0.995	0.99672	1.01221	1.00413	1.00094	1.00329	0.99615	0.99147	0.99801	0.98333	1.00585	0.9964	0.99349	1.00142	1.00815	1.00046	1.00367	0.99021	1.00568	1.00735	0.99897	0.99894	0.98954	1.02122	1.00603	1.00295	1.01619	0.98854	1.00588	1.00782	1.00141	1.00074	1.00545	1.00707	1.01177	0.99901	1.00562	0.99534	1.00723	1.00937	1.01826	1.01326	0.99166
885	0.99044	0.99591	0.98939	0.98457	0.98801	0.99949	0.99618	0.99286	0.9902	0.98343	0.98099	0.99527	0.9737	0.99182	0.9842	0.98829	0.9931	0.98984	0.98662	0.99092	0.98158	0.99088	0.9987	0.98931	0.99175	0.97914	1.00759	0.99668	0.98936	1.00162	0.97793	0.98855	0.99504	0.98656	0.99853	0.99811	0.99629	0.9978	0.98185	0.99216	0.97743	0.99631	0.99937	1.00674	1.00531	0.97544
900	0.98081	0.98891	0.97465	0.95825	0.97438	0.98325	0.9838	0.97874	0.97939	0.97453	0.97334	0.9866	0.96146	0.97184	0.97392	0.97325	0.98577	0.98098	0.9731	0.97299	0.96862	0.97397	0.98352	0.98443	0.97982	0.97508	0.9991	0.98448	0.97468	0.99218	0.96879	0.96904	0.98853	0.97719	0.98323	0.98666	0.98099	0.9831	0.96387	0.97739	0.96377	0.98427	0.9874	0.98256	0.99333	0.97044
915	0.97626	0.97456	0.96887	0.95027	0.96283	0.97366	0.97377	0.97109	0.9712	0.96346	0.9639	0.98118	0.96237	0.95849	0.96391	0.96828	0.98237	0.9733	0.96083	0.9627	0.96397	0.9635	0.97141	0.97406	0.96864	0.97161	0.98486	0.97725	0.9678	0.97831	0.96424	0.9548	0.98519	0.96719	0.97305	0.97541	0.96756	0.9743	0.95595	0.97056	0.95745	0.97704	0.97463	0.97084	0.98867	0.96023
930	0.97279	0.96945	0.96803	0.94639	0.95688	0.96603	0.96816	0.96232	0.96404	0.95716	0.96446	0.9729	0.9658	0.95327	0.96203	0.96368	0.97567	0.97061	0.95718	0.95768	0.95785	0.95349	0.96748	0.96927	0.96416	0.97241	0.98237	0.9699	0.96473	0.96938	0.96824	0.94824	0.98381	0.96478	0.96766	0.96945	0.95632	0.96702	0.95227	0.96516	0.9569	0.96809	0.96896	0.96093	0.98125	0.96152
945	0.97301	0.9693	0.96657	0.95607	0.965	0.96254	0.96871	0.96314	0.96491	0.95914	0.96337	0.97202	0.97104	0.95707	0.96306	0.96295	0.97776	0.97014	0.95827	0.9596	0.96056	0.95495	0.96919	0.97062	0.96116	0.98117	0.97162	0.96646	0.97478	0.97589	0.97196	0.95381	0.98095	0.96649	0.9692	0.96427	0.95664	0.96304	0.95825	0.96983	0.96057	0.96887	0.97028	0.9545	0.98088	0.96644
960	0.97563	0.97932	0.97404	0.97234	0.96787	0.96526	0.97601	0.98003	0.97069	0.96568	0.97065	0.96952	0.97214	0.96434	0.96991	0.95958	0.97736	0.97338	0.96615	0.9599	0.96889	0.96028	0.97327	0.97885	0.96655	0.98187	0.96896	0.97694	0.98436	0.97937	0.97439	0.9637	0.9835	0.97732	0.97637	0.9708	0.96502	0.96291	0.96656	0.97717	0.96616	0.96935	0.97509	0.96498	0.98238	0.97664
975	0.98375	0.99478	0.98774	0.98389	0.98484	0.97497	0.98672	0.99582	0.98274	0.98014	0.98265	0.97861	0.98175	0.97474	0.98072	0.96786	0.97998	0.9838	0.97608	0.97648	0.97362	0.96972	0.98784	0.98487	0.97813	0.98482	0.9741	0.98751	1.00099	0.99199	0.98227	0.97949	0.99062	0.98532	0.98902	0.97206	0.98003	0.97774	0.97921	0.98803	0.98698	0.96844	0.98878	0.98026	0.99291	0.98415
