"distance"	"TGL48_0001_Ct_T_PE_312_WG"	"TGL48_0001_Ct_T_PE_321_WG"	"TGL48_0001_Ct_T_PE_324_WG"	"TGL48_0001_Ct_T_PE_326_WG"	"TGL48_0001_Ct_T_PE_327_WG"	"TGL48_0002_Ct_T_PE_316_WG"	"TGL48_0002_Ct_T_PE_317_WG"	"TGL48_0002_Ct_T_PE_321_WG"	"TGL48_0002_Ct_T_PE_322_WG"	"TGL48_0002_Ct_T_PE_333_WG"	"TGL48_0003_Ct_T_PE_309_WG"	"TGL48_0003_Ct_T_PE_314_WG"	"TGL48_0003_Ct_T_PE_326_WG"	"TGL48_0003_Ct_T_PE_328_WG"	"TGL48_0004_Ct_T_PE_317_WG"	"TGL48_0004_Ct_T_PE_324_WG"	"TGL48_0004_Ct_T_PE_327_WG"	"TGL48_0004_Ct_T_PE_334_WG"	"TGL48_0005_Ct_T_PE_322_WG"	"TGL48_0005_Ct_T_PE_323_WG"	"TGL48_0005_Ct_T_PE_327_WG"	"TGL48_0005_Ct_T_PE_330_WG"	"TGL48_0006_Ct_T_PE_317_WG"	"TGL48_0006_Ct_T_PE_327_WG"	"TGL48_0006_Ct_T_PE_331_WG"	"TGL48_0006_Ct_T_PE_332_WG"	"TGL48_0006_Ct_T_PE_333_WG"	"TGL48_0007_Ct_T_PE_320_WG"	"TGL48_0007_Ct_T_PE_321_WG"	"TGL48_0007_Ct_T_PE_324_WG"	"TGL48_0007_Ct_T_PE_328_WG"	"TGL48_0008_Ct_T_PE_321_WG"	"TGL48_0009_Ct_T_PE_320_WG"	"TGL48_0009_Ct_T_PE_327_WG"	"TGL48_0009_Ct_T_PE_328_WG"	"TGL48_0009_Ct_T_PE_329_WG"	"TGL48_0010_Ct_T_PE_328_WG"	"TGL48_0010_Ct_T_PE_329_WG"	"TGL48_0010_Ct_T_PE_330_WG"	"TGL48_0010_Ct_T_PE_333_WG"	"TGL48_0010_Ct_T_PE_335_WG"	"TGL48_0011_Ct_T_PE_315_WG"	"TGL48_0011_Ct_T_PE_319_WG"	"TGL48_0011_Ct_T_PE_322_WG"	"TGL48_0011_Ct_T_PE_324_WG"	"TGL48_0011_Ct_T_PE_325_WG"
-990	0.94879	0.95338	0.93103	0.93013	0.96508	0.94968	0.9737	0.94744	0.94074	0.9317	0.9539	0.98555	0.95339	0.99011	0.94173	0.94419	0.94376	0.93184	0.92836	0.97088	0.96271	0.93426	0.94881	0.94973	0.95273	0.91991	0.95712	0.95718	0.97619	0.93636	0.95165	0.95903	0.96835	0.9684	0.96415	0.95767	0.97538	0.95052	0.97042	0.92793	0.96684	0.95851	0.94979	0.96124	0.95232	0.95746
-975	0.93424	0.9336	0.92456	0.90382	0.95849	0.91083	0.95277	0.93167	0.92703	0.91852	0.93127	0.97147	0.93533	0.96928	0.92916	0.91701	0.93108	0.90067	0.90526	0.95688	0.94379	0.92468	0.94613	0.92552	0.93863	0.92571	0.93022	0.95289	0.94392	0.91621	0.94105	0.94164	0.95179	0.9567	0.9442	0.93676	0.94061	0.9338	0.96016	0.91153	0.94561	0.94983	0.93589	0.95055	0.94002	0.94532
-960	0.92507	0.91975	0.91464	0.90122	0.93498	0.90076	0.93539	0.9261	0.91966	0.91757	0.91954	0.95095	0.92095	0.9484	0.92178	0.90842	0.92048	0.89569	0.90632	0.93239	0.93647	0.92028	0.94199	0.90472	0.92367	0.90941	0.90199	0.93563	0.93118	0.9034	0.92223	0.94112	0.95314	0.93808	0.93938	0.9248	0.91876	0.92458	0.94544	0.90691	0.92651	0.92445	0.93168	0.93211	0.9316	0.93754
-945	0.92201	0.92259	0.91631	0.9053	0.92235	0.89897	0.93195	0.92642	0.91642	0.92732	0.91086	0.93744	0.92144	0.93611	0.91857	0.90868	0.92101	0.90225	0.91364	0.92309	0.92429	0.92068	0.94785	0.91446	0.91299	0.90721	0.8991	0.92007	0.9156	0.90332	0.91297	0.92675	0.94354	0.93577	0.93421	0.91227	0.91303	0.92022	0.94546	0.90595	0.93156	0.92009	0.93369	0.9391	0.93305	0.93256
-930	0.92835	0.92412	0.93052	0.91702	0.91909	0.90908	0.93639	0.92641	0.91561	0.92247	0.91911	0.93319	0.92529	0.9351	0.93182	0.92086	0.9214	0.91364	0.92792	0.92816	0.92424	0.93042	0.9515	0.91602	0.92421	0.91164	0.90583	0.9244	0.90333	0.91649	0.91837	0.93659	0.93901	0.94119	0.93641	0.92691	0.90785	0.93241	0.95131	0.92424	0.93148	0.92482	0.95689	0.949	0.93909	0.93845
-915	0.94368	0.94201	0.95243	0.93992	0.9263	0.92229	0.94889	0.93563	0.92906	0.93144	0.93173	0.9548	0.94387	0.93787	0.94921	0.9451	0.92795	0.94437	0.95369	0.93548	0.93652	0.9351	0.96164	0.93709	0.93766	0.91853	0.92297	0.94052	0.92074	0.93458	0.92766	0.94775	0.93871	0.95917	0.94144	0.94034	0.92719	0.93425	0.96132	0.952	0.94336	0.94158	0.97134	0.95529	0.94848	0.95383
-900	0.95633	0.96694	0.98172	0.96026	0.94793	0.92696	0.96664	0.95114	0.94674	0.95075	0.95403	0.96172	0.95096	0.94674	0.96337	0.97051	0.94707	0.96378	0.96684	0.95222	0.95544	0.95386	0.97539	0.94228	0.93899	0.94492	0.93755	0.95818	0.94191	0.94622	0.94959	0.95649	0.95214	0.97409	0.95087	0.95916	0.95717	0.94902	0.97666	0.97434	0.95189	0.95613	0.98628	0.95851	0.97791	0.96419
-885	0.97714	0.976	0.9958	0.98569	0.97844	0.96274	0.98193	0.97211	0.96377	0.96525	0.96852	0.97735	0.96654	0.96488	0.9732	0.99845	0.97741	0.98489	0.97657	0.9639	0.97386	0.97693	0.985	0.97049	0.96175	0.95818	0.95629	0.98121	0.97174	0.96492	0.97571	0.9679	0.9686	0.9874	0.97241	0.9834	0.97783	0.95112	0.97813	0.99935	0.96897	0.97268	0.99066	0.97523	0.99762	0.97891
-870	0.98612	0.97005	0.9994	1.00054	0.98989	0.97542	1.00005	0.9847	0.97718	0.97026	0.97965	0.9894	0.96823	0.98933	0.98413	1.01145	0.98176	0.98846	0.98551	0.95717	0.98169	0.99177	0.98605	0.98012	0.98368	0.95933	0.97721	0.99284	0.9837	0.98059	0.98336	0.97249	0.96972	1.00836	0.9908	1.00529	0.99761	0.96436	0.9739	1.01035	0.98337	0.9978	0.99478	0.96773	1.00287	0.9998
-855	0.99553	0.97979	1.01101	0.98993	0.99199	0.98347	1.00631	0.97897	0.98898	0.9716	0.98246	0.99237	0.97792	0.99548	0.98289	1.00296	0.97215	0.99855	0.98384	0.95468	0.97815	0.98581	0.98041	0.99233	0.99316	0.95183	0.98275	1.00144	0.98683	0.97703	0.98066	0.97512	0.97328	1.0083	1.00545	1.01168	0.98911	0.96845	0.96981	1.00702	0.9845	1.00443	1.00335	0.95204	0.99427	1.00215
-840	0.98714	0.98212	1.00083	0.97409	0.98228	0.97114	0.99952	0.96643	0.98749	0.97262	0.98409	0.98965	0.96958	0.99046	0.9736	0.97861	0.96258	0.98671	0.9771	0.94047	0.96897	0.96726	0.96623	0.98603	0.99741	0.95235	0.9667	0.99815	0.96905	0.96757	0.98974	0.97027	0.96306	1.00319	1.01203	0.99807	0.97386	0.98308	0.97153	1.00107	0.97653	0.99589	1.00301	0.9474	0.98108	0.99138
-825	0.97457	0.97142	0.97048	0.97379	0.97526	0.9344	0.97566	0.94936	0.97458	0.95506	0.97044	0.9685	0.95187	0.97367	0.95555	0.95088	0.94274	0.96514	0.95632	0.93196	0.94164	0.94928	0.96021	0.9563	0.98163	0.94588	0.94497	0.98676	0.9558	0.94627	0.97715	0.9573	0.95094	0.99028	0.9926	0.98084	0.95706	0.97196	0.96571	0.96972	0.95619	0.98063	0.97829	0.93187	0.95755	0.96787
-810	0.95685	0.95503	0.92832	0.96959	0.94055	0.9083	0.94906	0.91542	0.95464	0.93346	0.95327	0.93522	0.92933	0.95282	0.93298	0.92568	0.91205	0.94645	0.92602	0.91464	0.92188	0.92346	0.94371	0.94095	0.94915	0.91447	0.92034	0.96464	0.93412	0.91606	0.9446	0.94572	0.93754	0.96027	0.97103	0.95341	0.93272	0.96069	0.93815	0.94144	0.93901	0.94686	0.95988	0.89373	0.93252	0.94248
-795	0.93145	0.92968	0.89885	0.94702	0.91343	0.89925	0.92676	0.89777	0.9349	0.91898	0.93204	0.91873	0.90783	0.93008	0.9092	0.90365	0.89512	0.92407	0.90756	0.89761	0.89615	0.90345	0.92685	0.9179	0.91784	0.8914	0.90166	0.93337	0.9146	0.90596	0.91903	0.93238	0.91725	0.9387	0.94456	0.92767	0.908	0.94079	0.92617	0.91145	0.93529	0.93437	0.92273	0.87979	0.90467	0.90752
-780	0.91928	0.91611	0.86671	0.92408	0.89433	0.88965	0.90759	0.8827	0.91589	0.8928	0.91475	0.90349	0.89372	0.91627	0.89401	0.88772	0.88144	0.90807	0.88251	0.8875	0.88713	0.88995	0.90814	0.90394	0.90317	0.88168	0.88371	0.93046	0.91789	0.90429	0.90927	0.91082	0.90719	0.91222	0.92155	0.91943	0.90181	0.91659	0.90872	0.90348	0.9165	0.92435	0.91268	0.87191	0.89111	0.89215
-765	0.91592	0.91068	0.86004	0.90313	0.87912	0.88548	0.89102	0.87731	0.8997	0.88821	0.90742	0.90232	0.88598	0.89722	0.88873	0.88608	0.87575	0.91059	0.87816	0.89029	0.89057	0.89266	0.90232	0.89555	0.88804	0.88072	0.87823	0.91467	0.91947	0.90189	0.90337	0.90528	0.89342	0.89887	0.91086	0.91158	0.90074	0.9051	0.91724	0.89932	0.9034	0.91027	0.89998	0.87214	0.88688	0.88266
-750	0.91076	0.90515	0.87387	0.89355	0.89322	0.88195	0.88338	0.88812	0.90454	0.8928	0.9091	0.90032	0.89118	0.89776	0.89125	0.89596	0.90226	0.90216	0.87451	0.89828	0.90688	0.89954	0.90951	0.88617	0.87968	0.89171	0.88342	0.9186	0.93477	0.90186	0.91467	0.90006	0.90447	0.89896	0.91263	0.91565	0.9096	0.90379	0.91876	0.9084	0.90676	0.91806	0.90089	0.88807	0.89933	0.87855
-735	0.92626	0.89845	0.89257	0.89722	0.91296	0.92019	0.89003	0.92134	0.91581	0.91181	0.92751	0.92082	0.91856	0.92459	0.90725	0.91162	0.93278	0.91499	0.88265	0.91701	0.93044	0.92648	0.92034	0.9103	0.90157	0.89251	0.90062	0.93387	0.95249	0.92081	0.93537	0.90684	0.92506	0.90607	0.93057	0.92672	0.93564	0.90805	0.93007	0.93284	0.9292	0.93109	0.91251	0.8954	0.9212	0.90529
-720	0.94424	0.91034	0.91838	0.90761	0.93722	0.9447	0.92119	0.95601	0.93689	0.93687	0.95183	0.93995	0.93984	0.95748	0.93206	0.92604	0.95791	0.94074	0.90874	0.93447	0.95147	0.95117	0.94022	0.92821	0.92914	0.90522	0.93112	0.95697	0.96589	0.94121	0.94985	0.9175	0.94272	0.92524	0.9556	0.95027	0.96895	0.93936	0.94502	0.95339	0.94602	0.96183	0.93842	0.90594	0.94807	0.93807
-705	0.96272	0.94356	0.94795	0.92685	0.96713	0.97431	0.94592	0.97919	0.9584	0.97134	0.97958	0.96266	0.96514	0.97441	0.95277	0.94062	0.98242	0.96934	0.92981	0.94937	0.97603	0.96933	0.95721	0.95459	0.94722	0.93102	0.95856	0.98258	0.97711	0.95885	0.96606	0.93555	0.96261	0.94172	0.98102	0.95508	0.98228	0.953	0.96882	0.97413	0.95544	0.9916	0.97392	0.9261	0.9694	0.96683
-690	0.97271	0.95714	0.97096	0.94644	0.99084	0.97791	0.96627	0.98718	0.97626	0.9967	1.0025	0.97061	0.97512	0.99149	0.9719	0.94364	1.00395	0.98094	0.96844	0.96598	0.9839	0.97481	0.97436	0.96951	0.95844	0.94441	0.95349	0.9879	0.98132	0.96615	0.98224	0.94327	0.97651	0.95986	0.99608	0.96164	0.99791	0.97426	0.98882	0.98503	0.95963	0.99105	0.98602	0.95664	0.98581	0.98259
-675	0.97979	0.97361	0.96911	0.96756	0.99843	0.9678	0.97438	0.98758	0.98099	0.99896	1.00054	0.96312	0.97024	0.99315	0.9738	0.95085	1.00155	0.98166	0.9824	0.97657	0.9724	0.97507	0.9913	0.96316	0.95649	0.94668	0.96231	0.98859	0.97942	0.96042	0.97357	0.95082	0.98216	0.96098	0.99249	0.96222	1.00937	0.98223	0.98455	0.97487	0.95666	0.9751	0.98861	0.96062	0.99032	0.98255
-660	0.97209	0.96677	0.956	0.97377	0.98865	0.95728	0.97069	0.9649	0.97761	0.99477	0.98529	0.95365	0.95197	0.98351	0.9669	0.95217	0.97535	0.96702	0.97553	0.97448	0.95709	0.95341	0.98259	0.967	0.95691	0.94202	0.95712	0.97383	0.96643	0.94914	0.95651	0.94783	0.97239	0.95695	0.97629	0.95649	0.99454	0.9711	0.9628	0.96372	0.95056	0.94851	0.98201	0.9585	0.98482	0.96894
-645	0.95548	0.94525	0.93033	0.95579	0.97121	0.93388	0.95538	0.93788	0.96722	0.97869	0.9582	0.94535	0.9311	0.96951	0.9493	0.93563	0.94707	0.94467	0.96657	0.95573	0.92937	0.9237	0.96136	0.93998	0.94414	0.93575	0.93669	0.94516	0.93824	0.93653	0.92867	0.93413	0.95606	0.94357	0.95919	0.93726	0.96368	0.94653	0.93872	0.93789	0.9422	0.93082	0.95151	0.9539	0.95709	0.94635
-630	0.93047	0.93603	0.8938	0.93169	0.92999	0.9099	0.92809	0.90076	0.9403	0.94472	0.92378	0.91285	0.90613	0.93357	0.92329	0.91757	0.90852	0.91496	0.94384	0.93086	0.89942	0.88994	0.93204	0.91448	0.93073	0.9172	0.91131	0.91676	0.92187	0.91458	0.91227	0.90031	0.93059	0.91027	0.93354	0.92154	0.94381	0.9123	0.90764	0.9179	0.91374	0.89599	0.93331	0.93379	0.93235	0.91604
-615	0.90133	0.90873	0.87205	0.8883	0.89162	0.88595	0.8965	0.86644	0.91322	0.90994	0.90111	0.88214	0.88885	0.90016	0.89642	0.8893	0.88289	0.89067	0.92386	0.90155	0.8743	0.87823	0.90185	0.88586	0.90432	0.89365	0.88711	0.88758	0.88442	0.88195	0.88607	0.87751	0.90294	0.8901	0.90311	0.9017	0.89807	0.88723	0.88902	0.8946	0.88946	0.8742	0.89444	0.89039	0.90285	0.88153
-600	0.87369	0.87914	0.85529	0.85802	0.87638	0.87032	0.86485	0.85174	0.88575	0.88325	0.87646	0.86634	0.88095	0.87684	0.87255	0.87051	0.85899	0.86288	0.90826	0.87371	0.86069	0.84982	0.88461	0.85816	0.88564	0.86885	0.85778	0.87109	0.86639	0.8476	0.86412	0.85848	0.88882	0.87122	0.88798	0.89287	0.86539	0.87275	0.86576	0.8812	0.88032	0.85895	0.88003	0.87382	0.88368	0.84791
-585	0.87046	0.86457	0.85149	0.84717	0.86493	0.88245	0.85935	0.86179	0.86782	0.8771	0.87541	0.86631	0.87697	0.8786	0.85851	0.85563	0.84146	0.86196	0.89511	0.86907	0.84999	0.82996	0.87561	0.85962	0.87241	0.85794	0.84618	0.86337	0.86377	0.84462	0.86207	0.85423	0.87463	0.86935	0.87654	0.87808	0.86366	0.86523	0.86425	0.87823	0.8679	0.85658	0.8719	0.84243	0.88045	0.84418
-570	0.87872	0.87111	0.85118	0.86248	0.8779	0.89622	0.8716	0.88639	0.87637	0.8802	0.88765	0.87138	0.88231	0.88514	0.87166	0.86341	0.85254	0.88257	0.89652	0.86775	0.85779	0.84712	0.88118	0.87196	0.88561	0.86679	0.86388	0.8762	0.86551	0.85756	0.86495	0.85539	0.87813	0.89143	0.88479	0.87783	0.86791	0.8897	0.87683	0.88679	0.86945	0.87073	0.88903	0.84289	0.87683	0.85137
-555	0.90612	0.89845	0.87992	0.88885	0.90491	0.91818	0.89066	0.91261	0.88586	0.90741	0.91365	0.89749	0.90187	0.8939	0.89442	0.86922	0.87705	0.90288	0.90299	0.89091	0.87976	0.88373	0.90197	0.89936	0.90466	0.88849	0.89227	0.90254	0.88938	0.87992	0.89569	0.87811	0.89543	0.91625	0.90971	0.89124	0.87957	0.91963	0.90106	0.91041	0.88764	0.903	0.9245	0.85579	0.89162	0.87521
-540	0.94189	0.92148	0.90906	0.92578	0.9297	0.94245	0.92361	0.93982	0.91113	0.92632	0.9343	0.91925	0.92735	0.91698	0.92547	0.88507	0.91246	0.93832	0.92791	0.91699	0.91149	0.91251	0.92971	0.93286	0.92757	0.91869	0.90173	0.92801	0.91369	0.91451	0.92823	0.90853	0.91427	0.95178	0.94193	0.92431	0.91408	0.94531	0.92637	0.93563	0.90836	0.91788	0.94439	0.88633	0.91325	0.89701
-525	0.97445	0.95821	0.93549	0.95737	0.95102	0.96829	0.95465	0.97274	0.93228	0.94863	0.95761	0.93904	0.93416	0.94007	0.9409	0.91075	0.93878	0.96116	0.94848	0.93727	0.92784	0.93756	0.95565	0.96154	0.95333	0.95192	0.92877	0.9485	0.94123	0.94732	0.96028	0.931	0.9421	0.97538	0.95585	0.94616	0.94616	0.97315	0.94634	0.95944	0.92682	0.9335	0.96954	0.90131	0.93789	0.91877
-510	0.98749	0.96556	0.94123	0.97602	0.96709	0.97265	0.96734	0.98324	0.95679	0.9662	0.97072	0.95138	0.94033	0.95229	0.95135	0.92998	0.95065	0.97304	0.95704	0.95806	0.9396	0.95351	0.96226	0.97756	0.96228	0.97177	0.94917	0.95142	0.94944	0.96544	0.97283	0.9429	0.94993	0.99151	0.97303	0.96248	0.96184	0.97412	0.95164	0.97312	0.94686	0.94174	0.99167	0.92309	0.9535	0.93975
-495	0.98647	0.96525	0.93252	0.98036	0.97751	0.95903	0.96773	0.97783	0.96199	0.96793	0.96487	0.94345	0.93934	0.94963	0.94902	0.93213	0.94964	0.97162	0.95485	0.96812	0.93967	0.95393	0.9589	0.97431	0.96566	0.98297	0.94913	0.96258	0.94289	0.95884	0.97306	0.93394	0.94809	0.99301	0.9727	0.95939	0.96796	0.95692	0.95274	0.97387	0.95647	0.94575	0.98845	0.9456	0.95274	0.95471
-480	0.96785	0.95744	0.92221	0.95938	0.96292	0.93619	0.94988	0.96153	0.95404	0.95366	0.94958	0.91967	0.92524	0.93031	0.93252	0.93418	0.92862	0.94489	0.93755	0.95541	0.92802	0.94394	0.94822	0.9621	0.9497	0.96827	0.93796	0.95113	0.92847	0.9385	0.95975	0.91695	0.93756	0.96988	0.95648	0.94799	0.95522	0.93541	0.94419	0.95812	0.92667	0.93006	0.97146	0.92716	0.94198	0.9414
-465	0.93244	0.93238	0.90697	0.92823	0.94812	0.89239	0.9194	0.92939	0.9409	0.92674	0.9274	0.89627	0.90598	0.91239	0.90459	0.91106	0.9057	0.91627	0.91099	0.93691	0.90578	0.92682	0.91966	0.93739	0.90877	0.94283	0.90253	0.9299	0.90005	0.91191	0.92232	0.89331	0.9101	0.94182	0.91899	0.92908	0.93002	0.89879	0.91963	0.92995	0.9112	0.91857	0.93251	0.88798	0.91558	0.91701
-450	0.89682	0.90389	0.86874	0.88058	0.91944	0.86592	0.88482	0.8925	0.90821	0.89125	0.88362	0.86206	0.87536	0.8866	0.87188	0.88537	0.87084	0.88782	0.88337	0.89928	0.88038	0.88781	0.89657	0.89373	0.87058	0.90845	0.87177	0.89538	0.86808	0.8721	0.88305	0.8768	0.8809	0.89845	0.8837	0.90133	0.89696	0.86048	0.89949	0.89248	0.88311	0.88585	0.90629	0.8758	0.89223	0.88238
-435	0.86313	0.86938	0.84526	0.86448	0.8843	0.84991	0.85753	0.86713	0.88545	0.86945	0.85509	0.84721	0.83374	0.86357	0.84827	0.85863	0.84338	0.85794	0.85635	0.86909	0.85522	0.84866	0.87225	0.86709	0.83923	0.87662	0.86171	0.8697	0.85122	0.85546	0.84885	0.85825	0.85245	0.86953	0.84533	0.86373	0.86732	0.8293	0.8837	0.86304	0.8539	0.86238	0.87651	0.8409	0.86697	0.86454
-420	0.83513	0.85844	0.8322	0.84886	0.86344	0.8355	0.84137	0.85449	0.87244	0.85614	0.84055	0.84034	0.82074	0.84125	0.83975	0.84445	0.83288	0.83927	0.83946	0.85407	0.85064	0.84607	0.85467	0.85886	0.83601	0.84998	0.85553	0.85463	0.8407	0.84221	0.82697	0.84348	0.8416	0.8513	0.83308	0.8443	0.83962	0.82783	0.87434	0.84325	0.84567	0.85083	0.87047	0.82808	0.84516	0.84707
-405	0.83801	0.86339	0.84572	0.84539	0.86343	0.8482	0.83992	0.85473	0.85961	0.86189	0.8407	0.85579	0.82633	0.83299	0.84183	0.83341	0.83862	0.83397	0.82948	0.86067	0.84557	0.8472	0.85346	0.85953	0.8417	0.85014	0.86188	0.86535	0.86311	0.83106	0.8261	0.84748	0.85368	0.83668	0.83918	0.84923	0.83319	0.84589	0.86912	0.8358	0.8604	0.84518	0.86989	0.83342	0.84668	0.84495
-390	0.85324	0.87094	0.86565	0.86155	0.86023	0.87286	0.86321	0.86148	0.8677	0.87771	0.85514	0.87478	0.85359	0.85057	0.86091	0.84552	0.86254	0.84941	0.84919	0.86733	0.86286	0.87436	0.86518	0.87967	0.8749	0.87112	0.87223	0.88376	0.88565	0.85777	0.84725	0.86119	0.86479	0.85795	0.85861	0.8699	0.85192	0.85962	0.88344	0.8413	0.88526	0.84728	0.88396	0.8498	0.85798	0.86101
-375	0.87954	0.89679	0.91024	0.8867	0.87128	0.89006	0.89713	0.88832	0.87934	0.90823	0.88958	0.90294	0.88293	0.88701	0.88316	0.86927	0.89008	0.86349	0.87819	0.89462	0.88648	0.90468	0.8934	0.90558	0.9024	0.89925	0.90674	0.90112	0.91487	0.89057	0.88014	0.87594	0.89341	0.88169	0.88467	0.88985	0.88066	0.90284	0.9055	0.86981	0.89843	0.85728	0.91144	0.86426	0.88941	0.87718
-360	0.90939	0.9134	0.93668	0.91479	0.89765	0.91122	0.93364	0.91173	0.90473	0.93825	0.91876	0.93485	0.92617	0.91489	0.9088	0.89644	0.91814	0.88688	0.90025	0.92081	0.91563	0.93	0.91654	0.92985	0.92348	0.91926	0.93789	0.91886	0.9319	0.92115	0.9143	0.90542	0.91926	0.90798	0.92648	0.91565	0.90535	0.93789	0.93055	0.89915	0.92462	0.87057	0.93394	0.89274	0.91899	0.9073
-345	0.93931	0.93179	0.95842	0.93135	0.92183	0.93651	0.96347	0.92375	0.92581	0.96124	0.93473	0.95523	0.94965	0.93517	0.92826	0.91831	0.93768	0.91364	0.91586	0.94176	0.93518	0.94128	0.94036	0.94995	0.94724	0.92955	0.94324	0.94825	0.94404	0.93977	0.93817	0.93189	0.94309	0.93992	0.95153	0.94019	0.93088	0.95941	0.94903	0.93657	0.94623	0.8861	0.95232	0.9254	0.94118	0.9152
-330	0.95462	0.94576	0.97487	0.94358	0.93096	0.93371	0.97143	0.93018	0.93933	0.96263	0.93648	0.96009	0.96382	0.94203	0.93771	0.93709	0.94849	0.91461	0.91326	0.94958	0.94674	0.94236	0.9498	0.95733	0.95397	0.92577	0.94458	0.9466	0.94497	0.93841	0.9372	0.94144	0.94025	0.95334	0.96952	0.94559	0.93209	0.96442	0.95719	0.95142	0.93847	0.89838	0.96319	0.92124	0.95111	0.91167
-315	0.94639	0.94083	0.96307	0.94374	0.92916	0.91671	0.96502	0.9139	0.94613	0.95576	0.92734	0.95453	0.9544	0.94093	0.93408	0.92444	0.94594	0.91634	0.90414	0.94688	0.93735	0.93442	0.94019	0.95035	0.93377	0.92147	0.93337	0.92743	0.92806	0.93743	0.92426	0.94306	0.92285	0.94367	0.95194	0.93813	0.9291	0.94429	0.94623	0.95499	0.93907	0.90464	0.95749	0.90337	0.93535	0.90039
-300	0.93039	0.92358	0.93152	0.91078	0.89571	0.90017	0.94217	0.89842	0.93296	0.93343	0.90163	0.92998	0.92378	0.91763	0.91774	0.90372	0.92756	0.90289	0.88913	0.92097	0.9172	0.90528	0.92165	0.92241	0.9007	0.90382	0.91524	0.90347	0.89163	0.91335	0.90813	0.93457	0.89015	0.92267	0.92692	0.91617	0.90889	0.91271	0.92898	0.92654	0.91358	0.89522	0.95373	0.89756	0.90838	0.88661
-285	0.90327	0.89527	0.90112	0.8933	0.86136	0.88381	0.90708	0.88286	0.90652	0.91015	0.87841	0.89884	0.88694	0.87761	0.90303	0.87806	0.89912	0.88039	0.86971	0.88888	0.88691	0.87589	0.8987	0.89562	0.86453	0.86674	0.90601	0.86913	0.85443	0.89121	0.8756	0.90274	0.85574	0.90543	0.88727	0.88901	0.87812	0.88317	0.90356	0.90134	0.889	0.87371	0.92568	0.87234	0.88134	0.8699
-270	0.86788	0.87339	0.87132	0.86106	0.84427	0.86563	0.87444	0.86282	0.87248	0.87789	0.84933	0.8647	0.84675	0.84991	0.88174	0.85472	0.87141	0.86965	0.8485	0.85167	0.85768	0.85332	0.87092	0.86998	0.83479	0.84072	0.86367	0.84727	0.82757	0.85784	0.84897	0.87067	0.82363	0.8776	0.85549	0.85887	0.8489	0.8548	0.85887	0.87387	0.85915	0.85687	0.90687	0.85299	0.85026	0.84818
-255	0.84928	0.85541	0.85224	0.82538	0.83651	0.86139	0.84699	0.84417	0.84723	0.85221	0.82987	0.84273	0.82269	0.82962	0.86579	0.83108	0.8474	0.85096	0.8363	0.83388	0.82605	0.83345	0.84852	0.85361	0.81576	0.83054	0.84076	0.8392	0.81753	0.81707	0.82139	0.8458	0.80992	0.85593	0.81839	0.84308	0.82613	0.83677	0.83298	0.8452	0.84575	0.83417	0.87584	0.83806	0.82023	0.83257
-240	0.83382	0.84709	0.84984	0.80636	0.82539	0.84337	0.83829	0.83588	0.8375	0.84621	0.82937	0.83033	0.81234	0.82941	0.86128	0.82124	0.84268	0.85154	0.84502	0.83031	0.8178	0.83578	0.84456	0.85805	0.81589	0.83758	0.82467	0.83537	0.81852	0.82005	0.8319	0.84532	0.79371	0.85231	0.81034	0.83513	0.82817	0.81985	0.83395	0.83564	0.83689	0.82927	0.86982	0.82723	0.80909	0.83319
-225	0.84036	0.86065	0.85539	0.81987	0.84156	0.85118	0.84373	0.85149	0.84063	0.85143	0.84167	0.83866	0.8253	0.85336	0.86399	0.83365	0.85658	0.85652	0.86057	0.8373	0.82903	0.8535	0.85859	0.87367	0.84355	0.86586	0.84013	0.8541	0.83052	0.83616	0.84915	0.85484	0.80131	0.86072	0.82088	0.84228	0.84207	0.84068	0.84626	0.84883	0.83939	0.84676	0.85965	0.83629	0.82038	0.85086
-210	0.87238	0.87927	0.87899	0.83799	0.8836	0.88043	0.87292	0.86878	0.86324	0.87386	0.87035	0.86377	0.85437	0.87961	0.87528	0.86176	0.8763	0.89161	0.88669	0.85659	0.8604	0.87615	0.88178	0.8929	0.87061	0.89299	0.8582	0.88114	0.85564	0.8639	0.8725	0.88901	0.82948	0.88272	0.85094	0.86748	0.86222	0.86189	0.87375	0.86546	0.87156	0.87398	0.86335	0.84999	0.85398	0.89594
-195	0.9149	0.92029	0.91134	0.87141	0.92274	0.91316	0.90296	0.90841	0.90062	0.90925	0.90984	0.90549	0.88747	0.90806	0.90643	0.89403	0.90908	0.92506	0.91781	0.88618	0.89741	0.90532	0.91601	0.91507	0.89849	0.90465	0.87136	0.91541	0.88917	0.90055	0.90456	0.93574	0.87156	0.91258	0.88894	0.90251	0.8966	0.88787	0.91132	0.90804	0.90964	0.91232	0.89052	0.87343	0.89193	0.91658
-180	0.94655	0.94991	0.94921	0.92271	0.9565	0.93832	0.92918	0.95252	0.93737	0.93728	0.93668	0.92966	0.92913	0.9277	0.93385	0.93447	0.93538	0.95507	0.94416	0.92261	0.93657	0.94188	0.94761	0.93834	0.92543	0.92326	0.90841	0.9327	0.92139	0.92708	0.92796	0.96933	0.90224	0.92865	0.92674	0.92438	0.93432	0.91697	0.95386	0.94082	0.93125	0.94686	0.91379	0.89405	0.92753	0.94476
-165	0.95974	0.96439	0.95681	0.95399	0.97107	0.95389	0.94773	0.9755	0.95234	0.96418	0.95451	0.95691	0.9542	0.94918	0.94487	0.94813	0.94627	0.96842	0.95781	0.94312	0.95366	0.96041	0.96672	0.94303	0.94241	0.93522	0.92644	0.9419	0.93245	0.94685	0.94194	0.9897	0.92551	0.93026	0.94327	0.94089	0.95508	0.92837	0.9702	0.94553	0.94988	0.96398	0.91853	0.89947	0.94334	0.94779
-150	0.96397	0.957	0.95478	0.96054	0.95879	0.95012	0.94779	0.98554	0.9598	0.96598	0.96011	0.9583	0.95266	0.94053	0.94484	0.95945	0.93368	0.95857	0.96798	0.94504	0.95294	0.94737	0.96862	0.92645	0.93144	0.93045	0.92793	0.93125	0.92133	0.94243	0.93766	0.98041	0.91953	0.93247	0.94503	0.9442	0.9586	0.93412	0.9611	0.93727	0.95449	0.97378	0.92353	0.90725	0.9412	0.93617
-135	0.9451	0.9345	0.93416	0.95834	0.92994	0.94005	0.92882	0.97515	0.94512	0.94693	0.93696	0.93671	0.94171	0.91538	0.93558	0.94141	0.91668	0.94513	0.94794	0.92113	0.93733	0.93163	0.95066	0.90113	0.92254	0.89719	0.92942	0.90225	0.89251	0.91808	0.91633	0.947	0.90891	0.91889	0.92356	0.92127	0.93709	0.92646	0.93737	0.92848	0.93823	0.95349	0.90959	0.90498	0.92326	0.90576
-120	0.90793	0.89978	0.89921	0.93789	0.90472	0.91635	0.90467	0.9442	0.92227	0.90952	0.901	0.91059	0.90897	0.89367	0.9137	0.91738	0.89173	0.91327	0.9201	0.88476	0.91608	0.904	0.92204	0.86693	0.89732	0.87429	0.9087	0.87983	0.86356	0.87636	0.88019	0.89585	0.88646	0.88703	0.89731	0.8846	0.90965	0.89529	0.89801	0.89819	0.91024	0.92417	0.89593	0.87617	0.89869	0.86946
-105	0.86143	0.86499	0.86647	0.89877	0.87438	0.87944	0.87772	0.91082	0.89201	0.86376	0.86348	0.87864	0.87046	0.85566	0.88011	0.87854	0.85799	0.86774	0.88259	0.86385	0.87938	0.86025	0.88667	0.84083	0.86309	0.85347	0.87929	0.84507	0.82762	0.82107	0.8277	0.84294	0.85796	0.84804	0.85514	0.84973	0.85627	0.8533	0.85359	0.85814	0.86929	0.86863	0.86216	0.83241	0.85171	0.82921
-90	0.82084	0.82823	0.83225	0.86251	0.84895	0.84067	0.84237	0.87785	0.86642	0.82681	0.82653	0.84898	0.82669	0.82248	0.84796	0.83983	0.83161	0.82842	0.84384	0.83085	0.84254	0.82498	0.85126	0.81917	0.82683	0.82834	0.84105	0.81393	0.79837	0.78283	0.8008	0.80859	0.82048	0.81138	0.8205	0.80467	0.81371	0.81388	0.81601	0.82449	0.84085	0.8297	0.83213	0.79394	0.8133	0.79207
-75	0.79105	0.80757	0.79757	0.84178	0.81472	0.82804	0.81838	0.8506	0.8507	0.79381	0.79873	0.82037	0.79402	0.79896	0.8232	0.81705	0.81356	0.80501	0.81413	0.80406	0.81066	0.8044	0.8279	0.80189	0.81922	0.81914	0.82092	0.80498	0.77581	0.7462	0.77856	0.77118	0.78839	0.78066	0.7931	0.76887	0.78301	0.7949	0.78631	0.79824	0.83183	0.80685	0.80323	0.78131	0.79132	0.78356
-60	0.78262	0.80028	0.79841	0.80926	0.8109	0.82363	0.81052	0.84372	0.83896	0.78197	0.78773	0.81586	0.7749	0.79073	0.81946	0.80057	0.79706	0.80527	0.8057	0.80574	0.80457	0.79733	0.81422	0.78917	0.81019	0.81838	0.80522	0.79425	0.76458	0.73274	0.77164	0.76372	0.77662	0.76706	0.78269	0.75607	0.7653	0.7806	0.77876	0.78989	0.8334	0.79279	0.79482	0.76447	0.78732	0.79514
-45	0.78559	0.8147	0.79821	0.80768	0.80043	0.82416	0.80529	0.84276	0.83821	0.78609	0.78943	0.8217	0.77717	0.78538	0.83698	0.79798	0.79577	0.79968	0.80922	0.8178	0.80776	0.81295	0.81372	0.80334	0.819	0.81339	0.79998	0.80043	0.76486	0.73733	0.77981	0.78103	0.77298	0.75249	0.78378	0.75986	0.7623	0.77743	0.79505	0.79747	0.8441	0.78473	0.79086	0.77005	0.79733	0.80226
-30	0.78628	0.82494	0.80755	0.81309	0.79291	0.83319	0.80704	0.84772	0.84792	0.79834	0.7907	0.82485	0.79083	0.78443	0.84892	0.81271	0.79288	0.80977	0.82145	0.84369	0.81209	0.82573	0.82176	0.82426	0.82426	0.81707	0.80949	0.79659	0.76628	0.74368	0.78632	0.80243	0.778	0.75027	0.78724	0.77437	0.76985	0.78743	0.80812	0.80346	0.84321	0.7953	0.78692	0.78452	0.81436	0.8188
-15	0.78785	0.83936	0.81724	0.82326	0.78831	0.84044	0.80924	0.85619	0.85209	0.80525	0.79245	0.83359	0.80422	0.79174	0.86294	0.81615	0.79048	0.81505	0.829	0.85619	0.81612	0.8328	0.82018	0.83431	0.83842	0.8207	0.80185	0.79964	0.76858	0.74943	0.79825	0.80804	0.77739	0.74879	0.79017	0.79675	0.77381	0.78339	0.81649	0.80352	0.84333	0.80065	0.78932	0.7956	0.83098	0.81741
0	0.79497	0.82698	0.83003	0.81865	0.78455	0.8304	0.81427	0.85181	0.85727	0.80838	0.79996	0.83401	0.80403	0.79408	0.86171	0.81913	0.78385	0.81547	0.83783	0.85542	0.8238	0.81927	0.81579	0.83537	0.83249	0.81052	0.80746	0.78775	0.76589	0.74605	0.79564	0.81001	0.76773	0.7631	0.78478	0.80957	0.7819	0.78763	0.82063	0.81726	0.83667	0.80983	0.8047	0.81953	0.82731	0.80607
15	0.79183	0.81821	0.82133	0.82888	0.78627	0.82982	0.812	0.84836	0.85387	0.80767	0.79917	0.83297	0.80279	0.80383	0.86003	0.81806	0.77889	0.81853	0.82809	0.83722	0.81869	0.819	0.80816	0.83602	0.8364	0.79344	0.81988	0.78522	0.76445	0.74569	0.78477	0.80345	0.75377	0.76455	0.78279	0.80413	0.79189	0.78712	0.82082	0.81314	0.8242	0.8006	0.80296	0.83671	0.81647	0.79308
30	0.79005	0.81077	0.81147	0.84097	0.78644	0.81774	0.81094	0.84129	0.85283	0.79954	0.80214	0.81419	0.80685	0.80566	0.8467	0.83086	0.78433	0.82057	0.82289	0.82971	0.81645	0.81049	0.80462	0.82638	0.83594	0.78377	0.82987	0.78406	0.76422	0.74992	0.76375	0.78822	0.75181	0.77335	0.78704	0.80417	0.7956	0.78622	0.81229	0.8076	0.82086	0.79791	0.80806	0.8212	0.8128	0.7875
45	0.78431	0.80755	0.8165	0.84371	0.80333	0.79606	0.81201	0.84604	0.84869	0.79733	0.81	0.79754	0.8045	0.80251	0.83193	0.82516	0.79531	0.81395	0.81768	0.81529	0.80443	0.7902	0.80608	0.80876	0.82895	0.78821	0.82616	0.78041	0.75278	0.74823	0.75757	0.77806	0.74679	0.78335	0.78802	0.79939	0.79059	0.78529	0.80004	0.80683	0.81099	0.77969	0.8004	0.81141	0.79337	0.77789
60	0.79814	0.81489	0.83036	0.85601	0.80671	0.80565	0.82464	0.84343	0.84995	0.81303	0.82248	0.80988	0.81125	0.81601	0.83608	0.82969	0.80941	0.82407	0.81827	0.81681	0.80976	0.79997	0.81745	0.80623	0.8331	0.79847	0.8367	0.78389	0.75772	0.76317	0.76818	0.78085	0.75518	0.80118	0.7939	0.8017	0.80018	0.80134	0.80818	0.81634	0.80938	0.78178	0.82111	0.82249	0.794	0.78209
75	0.82736	0.8443	0.85126	0.87662	0.82331	0.82876	0.85028	0.8614	0.8719	0.8406	0.84647	0.82976	0.82027	0.82949	0.84632	0.84702	0.83534	0.84798	0.83787	0.83919	0.83756	0.82147	0.85236	0.81702	0.84754	0.83325	0.86278	0.8066	0.78757	0.79605	0.79693	0.79461	0.77902	0.82837	0.82378	0.82548	0.833	0.83451	0.83013	0.83941	0.84481	0.80379	0.82811	0.84523	0.80551	0.79919
90	0.85957	0.8789	0.87312	0.89382	0.86408	0.85626	0.88753	0.89499	0.89136	0.87944	0.87702	0.86725	0.85583	0.86103	0.8732	0.87219	0.87229	0.87705	0.87413	0.87664	0.87558	0.85764	0.89479	0.84994	0.87813	0.87369	0.89642	0.84229	0.82833	0.83984	0.83638	0.82913	0.8178	0.86446	0.85417	0.85577	0.86951	0.87085	0.86354	0.87671	0.87877	0.83955	0.85263	0.87616	0.84222	0.84018
105	0.89685	0.91596	0.90562	0.9278	0.89374	0.87666	0.9197	0.91834	0.91551	0.9213	0.91232	0.89648	0.89236	0.89392	0.90163	0.9001	0.9079	0.90333	0.9097	0.91085	0.91256	0.90377	0.92888	0.88652	0.91302	0.9113	0.92702	0.88394	0.86947	0.88118	0.86099	0.87063	0.85679	0.88985	0.89088	0.8967	0.89826	0.91312	0.89723	0.91382	0.91688	0.88907	0.88773	0.9047	0.88108	0.874
120	0.92596	0.94259	0.94004	0.94086	0.91564	0.8966	0.9444	0.93821	0.93606	0.96102	0.93759	0.92987	0.92893	0.92209	0.92994	0.92909	0.93991	0.92157	0.94509	0.95019	0.94362	0.92641	0.95685	0.91797	0.92613	0.94399	0.94476	0.90459	0.90138	0.91415	0.89432	0.90898	0.90871	0.91646	0.91531	0.92797	0.92069	0.95402	0.91684	0.93969	0.94091	0.93798	0.90144	0.93013	0.91294	0.91232
135	0.94644	0.95683	0.96616	0.95394	0.93702	0.9137	0.95692	0.95155	0.95327	0.98643	0.94594	0.955	0.96056	0.93747	0.94243	0.94661	0.96103	0.94414	0.95972	0.96823	0.96038	0.94709	0.97625	0.94136	0.93487	0.95934	0.94346	0.9189	0.93235	0.93156	0.92691	0.92689	0.94086	0.93125	0.92476	0.95099	0.93425	0.96794	0.92817	0.95596	0.95397	0.95388	0.92226	0.94936	0.93423	0.92281
150	0.9544	0.94	0.96032	0.94769	0.94556	0.91262	0.96118	0.95141	0.94618	0.98719	0.94197	0.9671	0.95154	0.93396	0.93591	0.94427	0.96138	0.94261	0.96015	0.95784	0.95674	0.94426	0.97747	0.9396	0.92868	0.94691	0.94188	0.91559	0.93952	0.9348	0.93281	0.93426	0.94969	0.9309	0.91987	0.94417	0.94084	0.96744	0.9235	0.95287	0.94968	0.96426	0.91932	0.95118	0.93955	0.92612
165	0.94373	0.92524	0.93614	0.93292	0.94233	0.91943	0.9429	0.93714	0.93281	0.9639	0.9237	0.95044	0.93277	0.92072	0.92482	0.93397	0.94187	0.93017	0.94335	0.94059	0.92132	0.92395	0.96491	0.92216	0.91138	0.92186	0.92493	0.91406	0.93424	0.91543	0.90427	0.918	0.93266	0.91288	0.90626	0.9252	0.92213	0.96056	0.90533	0.93402	0.94008	0.94215	0.90483	0.92149	0.92229	0.91202
180	0.92662	0.90255	0.9033	0.896	0.91352	0.90485	0.90919	0.9145	0.91238	0.92985	0.89042	0.91297	0.90113	0.88872	0.89726	0.91435	0.91589	0.91099	0.92007	0.90895	0.88716	0.89373	0.93325	0.88666	0.88917	0.88752	0.89523	0.88846	0.91277	0.88635	0.87523	0.8914	0.91122	0.89419	0.88523	0.89367	0.89852	0.92641	0.87206	0.91209	0.92229	0.91671	0.88191	0.87771	0.89612	0.88645
195	0.89545	0.87653	0.87506	0.85713	0.89613	0.87273	0.87494	0.88849	0.88092	0.89732	0.85756	0.8708	0.86678	0.86098	0.86992	0.87363	0.88497	0.87791	0.89926	0.86857	0.84211	0.85842	0.88883	0.84416	0.86004	0.86287	0.86051	0.85673	0.87951	0.84793	0.85429	0.85353	0.87315	0.87167	0.85549	0.85112	0.86405	0.88298	0.84057	0.87741	0.893	0.87809	0.86232	0.84622	0.86917	0.85867
210	0.8682	0.85887	0.84291	0.82974	0.85375	0.8616	0.85416	0.86722	0.85433	0.86498	0.83383	0.85949	0.82937	0.8445	0.85734	0.84533	0.8487	0.85658	0.87736	0.85256	0.8214	0.84338	0.85828	0.82834	0.8467	0.84134	0.83945	0.83616	0.8535	0.82228	0.82938	0.82384	0.84351	0.85794	0.83297	0.83937	0.83937	0.85579	0.82656	0.84642	0.85179	0.8354	0.85045	0.8213	0.84803	0.84954
225	0.86431	0.8511	0.81769	0.83242	0.85055	0.85001	0.851	0.86194	0.84837	0.85228	0.82899	0.85038	0.81102	0.82599	0.8464	0.83257	0.83396	0.83696	0.87242	0.84619	0.81709	0.84153	0.84042	0.82752	0.83964	0.84029	0.84607	0.83364	0.84564	0.81568	0.82436	0.80898	0.82676	0.85234	0.82675	0.84339	0.83699	0.84391	0.82647	0.84391	0.85151	0.82583	0.83879	0.80165	0.83501	0.84581
240	0.86459	0.86471	0.81608	0.84857	0.86354	0.85341	0.86162	0.86925	0.85819	0.85446	0.84051	0.8511	0.82269	0.83159	0.85395	0.83885	0.83356	0.85025	0.88167	0.84101	0.82521	0.84233	0.84571	0.84199	0.85047	0.84963	0.86144	0.85369	0.8579	0.82299	0.83814	0.81184	0.83091	0.86813	0.83261	0.84544	0.85232	0.8484	0.84978	0.85541	0.84351	0.83237	0.85373	0.81607	0.84895	0.85884
255	0.87825	0.8851	0.84513	0.86846	0.88546	0.85943	0.8819	0.8944	0.88312	0.87058	0.86381	0.87277	0.84412	0.86325	0.86875	0.8581	0.85381	0.86781	0.90207	0.86496	0.84439	0.86023	0.85724	0.86342	0.86796	0.88003	0.87708	0.88125	0.86938	0.84682	0.8617	0.83174	0.85146	0.89228	0.85894	0.87067	0.87262	0.8704	0.87475	0.88429	0.8543	0.86143	0.87987	0.82201	0.85995	0.87466
270	0.89445	0.90121	0.88463	0.875	0.9032	0.88696	0.91155	0.90789	0.91093	0.8997	0.89047	0.89546	0.88	0.89988	0.89083	0.88853	0.87608	0.88241	0.92956	0.8967	0.88353	0.88045	0.89017	0.89732	0.89881	0.89543	0.90643	0.9095	0.89218	0.87731	0.89179	0.86863	0.88225	0.92388	0.87665	0.89134	0.90339	0.8884	0.89687	0.90854	0.88235	0.88041	0.89375	0.83701	0.8798	0.90507
285	0.90661	0.92406	0.91723	0.90451	0.9337	0.91475	0.93813	0.93613	0.9429	0.92971	0.91082	0.92255	0.91944	0.92314	0.90061	0.92201	0.90715	0.90609	0.95138	0.92528	0.91213	0.91314	0.92828	0.92181	0.92256	0.91783	0.92387	0.93342	0.9068	0.89769	0.92517	0.89266	0.91651	0.94276	0.88854	0.92318	0.92661	0.91341	0.92472	0.93207	0.91428	0.90881	0.91831	0.86871	0.90702	0.91925
300	0.92366	0.9366	0.92646	0.93359	0.94922	0.93571	0.95721	0.95518	0.95773	0.94472	0.92471	0.94056	0.93404	0.9337	0.9097	0.93752	0.92264	0.9227	0.9575	0.93523	0.92866	0.93813	0.95127	0.92874	0.94377	0.94129	0.93004	0.94483	0.92115	0.91664	0.94571	0.91872	0.9438	0.94953	0.90782	0.93147	0.94615	0.93808	0.95031	0.95063	0.94304	0.93694	0.92951	0.89587	0.93261	0.94324
315	0.92718	0.94859	0.93871	0.92749	0.95757	0.95635	0.9524	0.96307	0.95797	0.95432	0.92655	0.94024	0.94424	0.93912	0.90839	0.94018	0.92889	0.93279	0.95917	0.94435	0.9328	0.93835	0.96483	0.92953	0.96195	0.94846	0.92272	0.9391	0.91935	0.91821	0.94516	0.93657	0.95204	0.94613	0.91175	0.94384	0.94567	0.93999	0.96563	0.95387	0.95687	0.94038	0.93936	0.90465	0.93598	0.93675
330	0.92726	0.93377	0.92527	0.91112	0.94288	0.95529	0.93412	0.95994	0.94452	0.94722	0.91711	0.92105	0.93543	0.9309	0.9001	0.93523	0.92526	0.93355	0.95095	0.92699	0.92961	0.93557	0.95444	0.91718	0.94547	0.94364	0.91786	0.9169	0.9118	0.91323	0.93359	0.93825	0.94785	0.93436	0.90765	0.92808	0.9317	0.922	0.96367	0.94379	0.96115	0.94639	0.9202	0.90317	0.93517	0.91688
345	0.90695	0.90982	0.90239	0.8891	0.91921	0.93579	0.90707	0.94525	0.91867	0.92262	0.90162	0.89105	0.91763	0.91652	0.88609	0.90207	0.90374	0.91768	0.92894	0.90643	0.9013	0.91259	0.92193	0.89991	0.92324	0.92796	0.87979	0.90066	0.89655	0.89661	0.91075	0.91792	0.92816	0.90553	0.89472	0.9082	0.90019	0.89921	0.94354	0.9131	0.94614	0.93335	0.90636	0.89305	0.92779	0.89675
360	0.87906	0.88285	0.8688	0.86931	0.87855	0.89471	0.88044	0.91915	0.88798	0.88697	0.87832	0.87612	0.87657	0.88099	0.87426	0.88035	0.87248	0.89369	0.89911	0.8901	0.87539	0.88759	0.8903	0.87868	0.89137	0.89535	0.85451	0.8705	0.86036	0.87097	0.88253	0.88833	0.8959	0.8778	0.87921	0.88655	0.86935	0.88421	0.91494	0.87705	0.92356	0.90115	0.86599	0.87696	0.90648	0.86533
375	0.86208	0.85054	0.83305	0.86659	0.85	0.86657	0.85733	0.88539	0.86344	0.85303	0.86068	0.84682	0.84455	0.84828	0.85853	0.85816	0.85367	0.86659	0.87386	0.87051	0.84835	0.85303	0.85677	0.86709	0.86834	0.87538	0.84095	0.83404	0.82907	0.84769	0.85798	0.85674	0.86866	0.85059	0.85975	0.86784	0.83818	0.8652	0.89023	0.85201	0.90373	0.86966	0.8491	0.8552	0.8829	0.83589
390	0.84736	0.84491	0.82517	0.8629	0.83194	0.84284	0.84549	0.86168	0.85427	0.84351	0.84132	0.83149	0.82776	0.82584	0.85175	0.84641	0.83968	0.8699	0.85984	0.85006	0.83349	0.82197	0.84602	0.86587	0.84434	0.85747	0.83258	0.82609	0.82572	0.83836	0.85459	0.83293	0.86028	0.85067	0.85759	0.84391	0.82138	0.8647	0.87824	0.84285	0.87288	0.84258	0.82775	0.84096	0.8724	0.81396
405	0.85068	0.84586	0.83421	0.85925	0.82358	0.83352	0.85816	0.86562	0.86114	0.84507	0.84336	0.83608	0.82443	0.83688	0.8627	0.85202	0.84671	0.87044	0.86173	0.86042	0.82765	0.81794	0.83703	0.87857	0.83346	0.85424	0.84566	0.83945	0.81889	0.84846	0.85986	0.82358	0.85956	0.85871	0.86369	0.84169	0.82913	0.86491	0.87475	0.84631	0.86027	0.83726	0.82495	0.82423	0.87619	0.81287
420	0.86661	0.86079	0.85766	0.87003	0.83195	0.84449	0.8857	0.88338	0.88424	0.86949	0.86075	0.83911	0.84829	0.85872	0.87871	0.8644	0.85144	0.87775	0.88052	0.87327	0.84723	0.83497	0.85859	0.90908	0.84761	0.85875	0.87824	0.85896	0.8408	0.86566	0.87883	0.84136	0.86402	0.88207	0.87552	0.86639	0.86205	0.87339	0.88371	0.85717	0.86738	0.84413	0.85038	0.83705	0.88817	0.83043
435	0.89835	0.87575	0.88858	0.91433	0.86267	0.8587	0.9194	0.9124	0.91148	0.90478	0.88355	0.86703	0.87869	0.88146	0.90047	0.88614	0.86935	0.89096	0.90289	0.89618	0.87059	0.85987	0.8916	0.92325	0.86765	0.87838	0.90814	0.88582	0.85991	0.89156	0.90538	0.86572	0.89163	0.90687	0.89179	0.89971	0.89478	0.90483	0.91559	0.8909	0.88762	0.86418	0.90084	0.87387	0.90983	0.86314
450	0.93131	0.90743	0.92532	0.93913	0.88364	0.88234	0.95554	0.94433	0.93462	0.93549	0.90823	0.90185	0.90302	0.91004	0.92669	0.9041	0.89784	0.9133	0.92204	0.92533	0.90646	0.89585	0.92648	0.94158	0.89884	0.90385	0.9247	0.91466	0.89389	0.92686	0.92978	0.91707	0.92112	0.94383	0.91903	0.92378	0.93671	0.93074	0.95094	0.92514	0.9095	0.88834	0.93644	0.90351	0.9365	0.90246
465	0.95518	0.93103	0.95725	0.94796	0.91984	0.91102	0.97297	0.96838	0.94993	0.96215	0.92634	0.9315	0.9365	0.94166	0.94792	0.91441	0.90991	0.93439	0.9457	0.95033	0.93455	0.926	0.95236	0.95443	0.92832	0.9259	0.95011	0.93998	0.92451	0.95979	0.94606	0.94482	0.94776	0.95651	0.93169	0.9646	0.96733	0.93851	0.97557	0.95149	0.91866	0.91494	0.96772	0.931	0.95557	0.92493
480	0.97002	0.93637	0.96844	0.95305	0.93927	0.93205	0.98191	0.97593	0.95224	0.97337	0.94562	0.94749	0.95654	0.95366	0.96	0.92238	0.92369	0.94476	0.95735	0.96353	0.94944	0.94485	0.9657	0.95062	0.92449	0.94463	0.97926	0.9685	0.94911	0.97752	0.94772	0.95952	0.96152	0.97199	0.94041	0.97799	0.97988	0.94795	0.98969	0.96338	0.9309	0.93254	0.98147	0.94385	0.96933	0.94328
495	0.97105	0.93884	0.97085	0.93766	0.94642	0.94852	0.97795	0.96955	0.94719	0.96877	0.95393	0.9592	0.95878	0.96024	0.95714	0.91789	0.91388	0.93617	0.95198	0.95861	0.94392	0.94877	0.96632	0.93755	0.93392	0.94828	0.96898	0.977	0.96058	0.97261	0.94038	0.9619	0.95542	0.96407	0.94385	0.98756	0.98481	0.94991	0.9857	0.96492	0.947	0.93906	0.98166	0.95339	0.96484	0.95082
510	0.95406	0.92007	0.94837	0.91696	0.93841	0.93041	0.95857	0.95881	0.92658	0.94839	0.94171	0.9548	0.93619	0.93754	0.94655	0.91456	0.89986	0.92219	0.94143	0.94527	0.93494	0.93334	0.95576	0.90995	0.9269	0.93795	0.94555	0.96042	0.9448	0.95415	0.92101	0.95332	0.93729	0.95436	0.94131	0.9656	0.96581	0.94622	0.95727	0.9494	0.94277	0.94064	0.9492	0.94096	0.94849	0.93833
525	0.93011	0.90329	0.92372	0.89046	0.91458	0.91412	0.93052	0.92685	0.89923	0.90899	0.91794	0.92734	0.90755	0.91036	0.92204	0.89243	0.88627	0.90365	0.9127	0.91273	0.9146	0.91105	0.93254	0.89255	0.91653	0.91224	0.91231	0.93196	0.92821	0.92537	0.89687	0.93303	0.91569	0.93386	0.91714	0.94113	0.93047	0.9231	0.92987	0.92634	0.92854	0.92164	0.92671	0.91554	0.91825	0.91996
540	0.89891	0.89634	0.89925	0.86301	0.89288	0.89629	0.90399	0.89185	0.87009	0.88448	0.88427	0.88813	0.88465	0.88202	0.89336	0.87614	0.87255	0.89181	0.88316	0.8866	0.89357	0.88039	0.90599	0.88435	0.8886	0.88241	0.88254	0.91045	0.91245	0.89847	0.87686	0.90809	0.89626	0.91245	0.89549	0.89227	0.89403	0.90363	0.89673	0.90301	0.89628	0.90978	0.89956	0.87661	0.88872	0.89109
555	0.8837	0.87776	0.87908	0.84896	0.8767	0.87848	0.88313	0.87473	0.85597	0.86104	0.87172	0.86177	0.86173	0.85585	0.87115	0.87061	0.86633	0.86864	0.86931	0.86132	0.87159	0.86261	0.87536	0.86995	0.87157	0.86862	0.85618	0.88718	0.88791	0.87027	0.86684	0.87952	0.8836	0.88755	0.88221	0.86452	0.87461	0.89106	0.87686	0.88262	0.88154	0.9045	0.87744	0.84825	0.87741	0.87876
570	0.87928	0.87327	0.86843	0.85154	0.8584	0.87307	0.87353	0.88115	0.85979	0.85756	0.86515	0.83422	0.8549	0.853	0.85393	0.86017	0.85833	0.85981	0.87072	0.8456	0.86522	0.86184	0.87457	0.87311	0.86383	0.87027	0.84148	0.86703	0.88249	0.85273	0.87467	0.87708	0.87462	0.87862	0.87249	0.85929	0.86644	0.88663	0.87608	0.8718	0.88129	0.90352	0.87195	0.85168	0.86706	0.88085
585	0.8867	0.86173	0.88384	0.87497	0.85733	0.87909	0.8821	0.88831	0.88025	0.85967	0.87311	0.84633	0.86167	0.85118	0.85652	0.8705	0.86783	0.86231	0.87477	0.85934	0.87094	0.87693	0.8832	0.87508	0.86992	0.87167	0.849	0.86192	0.88553	0.86604	0.88667	0.88841	0.88434	0.88211	0.87658	0.8614	0.87353	0.89666	0.88536	0.88603	0.88673	0.90249	0.90165	0.84978	0.88177	0.88693
600	0.90243	0.89069	0.90772	0.89441	0.86507	0.9063	0.90264	0.92481	0.9075	0.87856	0.88027	0.87882	0.88008	0.86893	0.87865	0.89427	0.90185	0.88605	0.89191	0.89128	0.89224	0.89549	0.89862	0.89966	0.8876	0.90224	0.85985	0.88317	0.90649	0.89444	0.90714	0.90009	0.91329	0.90909	0.89013	0.87074	0.89658	0.916	0.91028	0.90334	0.89619	0.91332	0.91788	0.85652	0.9044	0.90906
615	0.93378	0.90993	0.94528	0.93685	0.8898	0.93686	0.93488	0.9611	0.93903	0.91037	0.90965	0.92422	0.91971	0.9071	0.9188	0.90976	0.92227	0.92548	0.91584	0.92353	0.91322	0.9283	0.92338	0.92466	0.90325	0.93907	0.90239	0.91244	0.94335	0.93027	0.94175	0.90704	0.94731	0.93209	0.91439	0.90708	0.92281	0.931	0.94174	0.93464	0.92348	0.92859	0.95267	0.8958	0.93608	0.93318
630	0.95919	0.93058	0.97513	0.96684	0.90695	0.97942	0.96743	0.98409	0.96881	0.94806	0.94659	0.95446	0.94312	0.9395	0.94977	0.93392	0.95584	0.95254	0.94414	0.94989	0.94294	0.95489	0.94731	0.94357	0.92388	0.98006	0.94102	0.95365	0.96964	0.96046	0.96129	0.92861	0.97085	0.96357	0.94093	0.93383	0.95647	0.95007	0.97291	0.95486	0.96018	0.94195	0.98207	0.9234	0.96313	0.95856
645	0.98317	0.94301	0.98945	0.9916	0.91802	1.00013	0.98667	1.00085	0.99505	0.97326	0.97745	0.97713	0.97003	0.98014	0.9724	0.95606	0.97034	0.97713	0.95755	0.96018	0.95798	0.98179	0.96373	0.9569	0.94941	1.0022	0.9624	0.98402	0.98649	0.97607	0.98001	0.94133	0.98855	0.98603	0.979	0.97331	0.98086	0.97012	0.99639	0.97536	0.98596	0.96026	1.00311	0.94927	0.97929	0.97501
660	0.98625	0.94309	0.99253	0.99711	0.92271	1.00312	0.99265	1.00426	0.99755	0.98181	0.9892	0.98964	0.97857	0.9956	0.98895	0.95995	0.97424	0.99105	0.96574	0.96778	0.96841	0.97788	0.97839	0.96531	0.96153	1.00591	0.96556	1.00282	0.99223	0.98744	0.97804	0.95515	0.98383	0.99688	0.99855	0.98239	0.99019	0.96957	0.99369	0.98557	0.98124	0.97619	0.99835	0.95795	0.98736	0.97738
675	0.97725	0.94607	0.98597	0.98787	0.9202	0.98979	0.9953	0.98265	0.98753	0.97161	0.98867	0.98045	0.97428	0.99662	0.98534	0.94894	0.96849	0.988	0.95834	0.95921	0.96877	0.96652	0.97398	0.96349	0.95295	0.98743	0.96775	1.00357	0.98865	0.97794	0.96168	0.95965	0.97209	0.99112	0.99504	0.98805	0.98103	0.95156	0.98865	0.97305	0.9793	0.97745	0.99178	0.96209	0.97656	0.96459
690	0.956	0.93888	0.96029	0.96153	0.92237	0.97138	0.97605	0.96503	0.95964	0.95962	0.97857	0.95909	0.96176	0.97795	0.96175	0.94529	0.95337	0.96644	0.94591	0.95282	0.95768	0.94248	0.96048	0.96591	0.93679	0.96403	0.94723	0.99	0.97217	0.94802	0.93486	0.94901	0.95961	0.97923	0.97806	0.97003	0.95096	0.9396	0.96474	0.95174	0.95327	0.96357	0.9688	0.96315	0.95228	0.93579
705	0.93074	0.90994	0.93669	0.94448	0.92258	0.93215	0.94623	0.94436	0.93582	0.93663	0.96636	0.92509	0.92908	0.94878	0.93421	0.92556	0.91904	0.93355	0.93353	0.93048	0.93826	0.91516	0.94148	0.93658	0.91783	0.93547	0.92484	0.95784	0.94802	0.9159	0.91377	0.93147	0.94512	0.94712	0.96236	0.953	0.92613	0.92482	0.9456	0.92473	0.9369	0.94852	0.9333	0.95819	0.93312	0.91828
720	0.90668	0.89481	0.91748	0.91564	0.91017	0.90872	0.9242	0.92706	0.91348	0.91493	0.94161	0.89732	0.89502	0.92097	0.91032	0.90024	0.89118	0.89365	0.91548	0.90182	0.90937	0.90092	0.92523	0.91225	0.8962	0.91028	0.90999	0.92492	0.91853	0.88964	0.89267	0.92188	0.92383	0.91745	0.92561	0.94074	0.89788	0.91154	0.92471	0.89272	0.92616	0.9183	0.90004	0.94347	0.90762	0.89143
735	0.89325	0.8865	0.90195	0.89121	0.90571	0.88498	0.91016	0.90596	0.90092	0.8843	0.92229	0.88842	0.87499	0.88881	0.88704	0.88981	0.87357	0.85725	0.90349	0.88633	0.89015	0.89378	0.91	0.89417	0.88294	0.89111	0.90557	0.90429	0.90585	0.88582	0.88889	0.89851	0.90262	0.89892	0.90798	0.92906	0.8889	0.90666	0.90509	0.87836	0.90475	0.90073	0.87561	0.92512	0.89555	0.86914
750	0.89004	0.89227	0.91137	0.87624	0.90141	0.88102	0.90458	0.90643	0.89575	0.88546	0.9064	0.89382	0.86575	0.882	0.88776	0.88357	0.87534	0.84835	0.90208	0.87881	0.89009	0.87937	0.90477	0.89178	0.88351	0.88947	0.8905	0.90077	0.89526	0.89079	0.89296	0.88022	0.90137	0.89614	0.89746	0.9136	0.88186	0.90267	0.90685	0.87886	0.90019	0.8893	0.87294	0.91771	0.884	0.87513
765	0.90733	0.90067	0.93629	0.88554	0.91108	0.88663	0.92151	0.92063	0.90068	0.89386	0.91834	0.91445	0.87857	0.89004	0.90539	0.88883	0.88927	0.86819	0.90349	0.89572	0.90109	0.90027	0.90742	0.89423	0.88675	0.8907	0.90443	0.89888	0.90566	0.90325	0.91915	0.89677	0.90451	0.90471	0.90202	0.92566	0.88827	0.90727	0.92104	0.89719	0.91907	0.89383	0.88952	0.93129	0.89451	0.88864
780	0.92472	0.93162	0.95459	0.9022	0.91793	0.92188	0.93697	0.93164	0.91945	0.92103	0.93239	0.9218	0.89372	0.90474	0.91876	0.90971	0.91029	0.89058	0.91556	0.91346	0.92464	0.92629	0.91436	0.90584	0.90643	0.90705	0.92081	0.92254	0.91925	0.91507	0.9446	0.91674	0.92576	0.93183	0.92032	0.93372	0.91243	0.92754	0.95255	0.91779	0.93806	0.9098	0.91043	0.94421	0.92056	0.91632
795	0.95253	0.96032	0.97262	0.93201	0.94365	0.93969	0.95053	0.94786	0.94378	0.9476	0.95075	0.94235	0.93439	0.93053	0.94293	0.93069	0.93369	0.92883	0.93541	0.93265	0.94182	0.95497	0.93643	0.93138	0.9381	0.9232	0.94762	0.9565	0.93786	0.92918	0.97179	0.93008	0.95074	0.95786	0.95334	0.95433	0.93864	0.94821	0.97367	0.94565	0.95548	0.93814	0.94096	0.96745	0.95298	0.94312
810	0.97595	0.97955	0.98732	0.95277	0.96074	0.96376	0.9765	0.95674	0.96992	0.96847	0.97291	0.97609	0.96048	0.95294	0.96885	0.96227	0.95865	0.96141	0.96145	0.95344	0.96144	0.96556	0.9688	0.95946	0.96357	0.93701	0.97404	0.97487	0.95715	0.95596	0.98837	0.95539	0.96307	0.98391	0.97634	0.97185	0.96783	0.97122	0.9966	0.97468	0.97363	0.9681	0.97212	0.99651	0.98632	0.97341
825	0.99217	0.99179	0.98775	0.97279	0.98041	0.97859	0.99496	0.97896	0.9927	0.98408	0.99288	0.98363	0.99143	0.97682	0.98227	0.98622	0.9767	0.98578	0.98662	0.97711	0.97734	0.98065	0.98975	0.96918	0.98119	0.95132	0.98865	0.99174	0.96995	0.97052	0.99838	0.96539	0.97325	1.00726	1.00272	0.99244	0.98326	0.99307	1.01926	0.98854	0.99	0.9937	0.99753	1.00894	1.01009	0.99512
840	1.00193	0.99311	0.98205	0.97711	0.99375	0.98627	0.99378	0.9992	1.00073	0.99707	0.99789	0.98633	1.0036	0.98276	0.97884	1.00559	0.98406	1.00487	0.99752	0.99095	0.97678	0.9963	1.00114	0.98028	0.99313	0.9515	0.98304	0.99332	0.97608	0.96629	0.9936	0.96841	0.99137	1.01841	1.01485	0.99606	0.99189	1.00826	1.0218	1.00235	0.9942	0.99744	1.00696	1.02976	1.01929	0.99432
855	0.99977	0.98212	0.97208	0.99074	0.99131	0.98136	0.98517	0.99185	1.0023	0.98902	0.99336	0.97072	0.99493	0.98611	0.97959	0.99371	0.97426	1.00203	0.99357	0.99236	0.96856	0.98997	1.00378	0.97328	0.99045	0.95224	0.96802	0.98633	0.97573	0.969	0.98188	0.96373	0.99028	1.00858	1.00895	0.99538	0.99323	1.00876	1.01125	0.99222	0.98722	1.0004	1.00064	1.03309	1.0203	0.98166
870	0.98957	0.96758	0.94226	0.98143	0.97332	0.9733	0.98172	0.97474	0.99539	0.9823	0.98567	0.9605	0.97036	0.97208	0.97094	0.98267	0.96433	0.98223	0.98057	0.97739	0.94751	0.97834	0.99329	0.96783	0.97934	0.9552	0.94577	0.97255	0.95846	0.95817	0.96235	0.95165	0.9729	1.00194	0.98692	0.987	0.9803	0.99421	0.98198	0.98116	0.96661	0.97776	0.987	1.02229	1.00401	0.95951
885	0.98265	0.95039	0.92612	0.94977	0.94475	0.96354	0.95701	0.94742	0.97594	0.95435	0.96863	0.93597	0.95308	0.95943	0.94988	0.96666	0.95039	0.95349	0.96714	0.95974	0.93665	0.95092	0.97547	0.9578	0.96375	0.94324	0.91758	0.95703	0.94578	0.95423	0.95344	0.9253	0.95596	0.98091	0.97826	0.9691	0.96403	0.97879	0.96491	0.9656	0.93704	0.96717	0.9722	1.00476	0.97443	0.93518
900	0.95963	0.92159	0.92024	0.92447	0.91854	0.95646	0.93969	0.92753	0.95651	0.94408	0.9511	0.91978	0.93671	0.95409	0.93888	0.9373	0.93618	0.93627	0.9463	0.95171	0.92916	0.92557	0.9503	0.93869	0.93563	0.93047	0.89043	0.93282	0.92617	0.93489	0.9371	0.90883	0.94917	0.95801	0.95829	0.95412	0.94225	0.94478	0.93734	0.95249	0.92097	0.9459	0.966	0.97468	0.95333	0.92138
915	0.94424	0.91228	0.91759	0.92211	0.90179	0.94744	0.92761	0.91635	0.93889	0.92853	0.93959	0.9175	0.92625	0.94304	0.92806	0.91747	0.91643	0.92033	0.92228	0.94515	0.92461	0.91061	0.92094	0.92784	0.91787	0.92589	0.88886	0.90901	0.92707	0.91797	0.93164	0.90239	0.94204	0.94396	0.93424	0.93723	0.92861	0.92477	0.92073	0.93866	0.90637	0.9276	0.95293	0.94566	0.94111	0.90142
930	0.93622	0.9169	0.92579	0.92677	0.89144	0.93772	0.92308	0.89664	0.93014	0.92448	0.92102	0.90601	0.9175	0.9315	0.92327	0.9085	0.90378	0.91553	0.91452	0.93717	0.92516	0.89313	0.90606	0.93177	0.9097	0.91741	0.9007	0.90104	0.92157	0.91386	0.93165	0.9056	0.94504	0.9466	0.92978	0.91576	0.92352	0.91196	0.91607	0.92507	0.89959	0.92275	0.94299	0.93581	0.94041	0.90708
945	0.94486	0.9262	0.94298	0.94455	0.90487	0.93178	0.92598	0.90443	0.93139	0.92946	0.92543	0.9106	0.93123	0.92918	0.92722	0.90219	0.90623	0.92157	0.91615	0.93794	0.9343	0.88982	0.91316	0.94739	0.92109	0.92862	0.91304	0.91383	0.92724	0.91827	0.93432	0.9248	0.95121	0.94333	0.92714	0.91211	0.93472	0.9186	0.91784	0.92783	0.8991	0.93081	0.945	0.94202	0.9422	0.90529
960	0.95494	0.93485	0.9581	0.94838	0.9179	0.93771	0.95014	0.92137	0.94563	0.93946	0.93712	0.93142	0.94198	0.94169	0.94354	0.92241	0.91849	0.9279	0.92499	0.943	0.94701	0.89927	0.9241	0.9562	0.91908	0.94113	0.94016	0.91945	0.93186	0.93643	0.95846	0.9503	0.95923	0.95651	0.93092	0.91988	0.95149	0.93668	0.93673	0.93258	0.921	0.93079	0.95804	0.9455	0.95978	0.92333
975	0.9701	0.96167	0.97707	0.95458	0.94736	0.95109	0.96768	0.94832	0.9575	0.95534	0.95385	0.9471	0.96801	0.95509	0.9559	0.93265	0.93052	0.93697	0.93881	0.96611	0.96361	0.91893	0.94197	0.96713	0.95366	0.96103	0.9697	0.93812	0.9472	0.95813	0.975	0.9598	0.96574	0.96754	0.95663	0.9472	0.96323	0.95829	0.95108	0.94333	0.9432	0.9396	0.9619	0.95136	0.97397	0.9473
