"distance"	"TGL48_0001_Ct_T_PE_312_WG"	"TGL48_0001_Ct_T_PE_321_WG"	"TGL48_0001_Ct_T_PE_324_WG"	"TGL48_0001_Ct_T_PE_326_WG"	"TGL48_0001_Ct_T_PE_327_WG"	"TGL48_0002_Ct_T_PE_316_WG"	"TGL48_0002_Ct_T_PE_317_WG"	"TGL48_0002_Ct_T_PE_321_WG"	"TGL48_0002_Ct_T_PE_322_WG"	"TGL48_0002_Ct_T_PE_333_WG"	"TGL48_0003_Ct_T_PE_309_WG"	"TGL48_0003_Ct_T_PE_314_WG"	"TGL48_0003_Ct_T_PE_326_WG"	"TGL48_0003_Ct_T_PE_328_WG"	"TGL48_0004_Ct_T_PE_317_WG"	"TGL48_0004_Ct_T_PE_324_WG"	"TGL48_0004_Ct_T_PE_327_WG"	"TGL48_0004_Ct_T_PE_334_WG"	"TGL48_0005_Ct_T_PE_322_WG"	"TGL48_0005_Ct_T_PE_323_WG"	"TGL48_0005_Ct_T_PE_327_WG"	"TGL48_0005_Ct_T_PE_330_WG"	"TGL48_0006_Ct_T_PE_317_WG"	"TGL48_0006_Ct_T_PE_327_WG"	"TGL48_0006_Ct_T_PE_331_WG"	"TGL48_0006_Ct_T_PE_332_WG"	"TGL48_0006_Ct_T_PE_333_WG"	"TGL48_0007_Ct_T_PE_320_WG"	"TGL48_0007_Ct_T_PE_321_WG"	"TGL48_0007_Ct_T_PE_324_WG"	"TGL48_0007_Ct_T_PE_328_WG"	"TGL48_0008_Ct_T_PE_321_WG"	"TGL48_0009_Ct_T_PE_320_WG"	"TGL48_0009_Ct_T_PE_327_WG"	"TGL48_0009_Ct_T_PE_328_WG"	"TGL48_0009_Ct_T_PE_329_WG"	"TGL48_0010_Ct_T_PE_328_WG"	"TGL48_0010_Ct_T_PE_329_WG"	"TGL48_0010_Ct_T_PE_330_WG"	"TGL48_0010_Ct_T_PE_333_WG"	"TGL48_0010_Ct_T_PE_335_WG"	"TGL48_0011_Ct_T_PE_315_WG"	"TGL48_0011_Ct_T_PE_319_WG"	"TGL48_0011_Ct_T_PE_322_WG"	"TGL48_0011_Ct_T_PE_324_WG"	"TGL48_0011_Ct_T_PE_325_WG"
-990	0.96131	0.95678	0.93193	0.92401	0.97656	0.96068	0.97923	0.94813	0.94695	0.94167	0.95951	0.99497	0.95053	0.98829	0.94427	0.94944	0.94614	0.93623	0.92527	0.9721	0.96447	0.93384	0.96435	0.9571	0.9566	0.92762	0.95567	0.96752	0.98469	0.95386	0.95568	0.962	0.98106	0.96732	0.96055	0.94846	0.98135	0.95766	0.97345	0.92986	0.96457	0.96764	0.95744	0.96701	0.96648	0.96224
-975	0.94506	0.93623	0.92675	0.89667	0.9672	0.92317	0.95827	0.93215	0.93285	0.92753	0.93761	0.97796	0.9361	0.96775	0.93042	0.92454	0.93483	0.9066	0.90144	0.95769	0.94378	0.92097	0.96016	0.93174	0.94304	0.93182	0.92782	0.96231	0.95328	0.93387	0.94489	0.94295	0.96581	0.95423	0.94222	0.92733	0.9464	0.93919	0.96298	0.91493	0.94432	0.95931	0.94434	0.95572	0.95266	0.94931
-960	0.93424	0.92012	0.91912	0.89654	0.94247	0.91138	0.94236	0.92727	0.92582	0.92538	0.92454	0.9561	0.91932	0.94617	0.92146	0.91866	0.92288	0.89842	0.90158	0.93309	0.93575	0.91532	0.95584	0.90824	0.92989	0.91568	0.90148	0.94459	0.93948	0.92195	0.92386	0.94064	0.96743	0.93393	0.93568	0.91695	0.92374	0.92689	0.94814	0.90928	0.92385	0.93416	0.93837	0.94004	0.94306	0.94074
-945	0.92703	0.92	0.92016	0.90273	0.92782	0.90981	0.93923	0.92936	0.92181	0.93327	0.91312	0.94353	0.91959	0.93404	0.91722	0.9191	0.92256	0.90364	0.90796	0.92542	0.92324	0.91306	0.96227	0.91465	0.91774	0.91376	0.89852	0.92522	0.92503	0.92078	0.91322	0.92516	0.95856	0.93292	0.93053	0.90421	0.91512	0.92219	0.9489	0.90746	0.92658	0.92976	0.93745	0.94447	0.94334	0.93662
-930	0.93135	0.9218	0.93308	0.91677	0.92317	0.91947	0.94319	0.9282	0.92001	0.92818	0.91909	0.93939	0.92348	0.93309	0.9302	0.93049	0.9239	0.91422	0.92144	0.92887	0.92276	0.92346	0.96578	0.91567	0.92569	0.91499	0.90521	0.93005	0.91412	0.93311	0.91668	0.93751	0.95704	0.93921	0.93204	0.91783	0.91047	0.93529	0.95271	0.92574	0.92617	0.93527	0.95865	0.95603	0.94843	0.94179
-915	0.94574	0.94004	0.95696	0.93406	0.92847	0.93103	0.9559	0.93711	0.93126	0.93709	0.93053	0.96113	0.94016	0.93649	0.94849	0.95304	0.93287	0.94252	0.94703	0.9374	0.93531	0.92766	0.97789	0.93641	0.93706	0.92099	0.92072	0.95002	0.93088	0.95144	0.92588	0.94845	0.95762	0.95616	0.94032	0.92969	0.92855	0.93916	0.96132	0.95419	0.94001	0.9515	0.97204	0.96389	0.95506	0.95757
-900	0.95866	0.96874	0.98414	0.95593	0.9495	0.93656	0.97325	0.95198	0.94888	0.95754	0.95302	0.96661	0.94718	0.94678	0.96521	0.97786	0.9526	0.96127	0.95793	0.95463	0.9528	0.94506	0.99278	0.94271	0.93708	0.94486	0.9387	0.96777	0.95318	0.96767	0.94825	0.95867	0.9694	0.97261	0.95257	0.94872	0.95764	0.95092	0.97734	0.97461	0.95018	0.96724	0.98857	0.97065	0.98311	0.9707
-885	0.98258	0.98029	0.99919	0.98354	0.98033	0.97445	0.9875	0.97058	0.96557	0.97238	0.96787	0.98244	0.96208	0.96135	0.97649	1.00385	0.98154	0.98314	0.96806	0.96733	0.97123	0.96945	1.00288	0.97106	0.9599	0.9574	0.95977	0.99268	0.98236	0.98798	0.97441	0.97153	0.98531	0.98717	0.97131	0.97332	0.97801	0.9529	0.97835	0.99944	0.96625	0.98423	0.99351	0.98779	1.00287	0.986
-870	0.99528	0.97664	1.00325	0.99615	0.99419	0.99025	1.00551	0.98272	0.97975	0.97846	0.97786	0.99454	0.96494	0.98468	0.98759	1.01464	0.9832	0.98546	0.97521	0.96115	0.98007	0.98562	1.00535	0.98311	0.97999	0.95677	0.98088	1.00642	0.99493	1.00771	0.98051	0.97522	0.98826	1.00757	0.98791	0.99297	0.99796	0.96563	0.97566	1.0103	0.97898	1.00821	0.99834	0.9767	1.01004	1.00738
-855	1.00775	0.98494	1.01351	0.985	0.99762	0.99725	1.0108	0.97678	0.99341	0.97988	0.98323	0.9949	0.97424	0.99227	0.98704	1.00566	0.97394	0.99437	0.97398	0.95784	0.97498	0.98417	0.99936	0.99657	0.98982	0.95045	0.9881	1.01794	0.99576	1.00303	0.97846	0.97557	0.99305	1.00787	1.00106	0.99956	0.99123	0.96997	0.97005	1.00753	0.98064	1.01403	1.00709	0.96083	1.00246	1.00968
-840	0.99981	0.98836	1.00189	0.96512	0.98914	0.9885	1.0031	0.96287	0.99245	0.98248	0.98392	0.99028	0.96792	0.9895	0.97747	0.98273	0.96334	0.98467	0.96617	0.94204	0.9658	0.9632	0.98521	0.99115	0.99332	0.94913	0.97533	1.01544	0.97631	0.99702	0.98768	0.9699	0.98429	1.00229	1.0066	0.98583	0.97759	0.98458	0.9707	1.00366	0.97213	1.00425	1.00656	0.95409	0.98694	1.00127
-825	0.98855	0.97629	0.97076	0.96338	0.98092	0.95191	0.97971	0.94388	0.97921	0.9661	0.96993	0.96803	0.94955	0.97237	0.95876	0.95578	0.94328	0.96344	0.9439	0.93398	0.93905	0.94489	0.97758	0.96388	0.9777	0.94531	0.95315	1.00102	0.96215	0.97904	0.97404	0.95503	0.97251	0.98934	0.98779	0.96835	0.96272	0.96989	0.96452	0.9734	0.95069	0.98862	0.98398	0.9352	0.96313	0.97904
-810	0.97056	0.95791	0.92931	0.95977	0.94619	0.92063	0.95317	0.91115	0.95952	0.94274	0.9525	0.93358	0.9263	0.9508	0.93392	0.9309	0.91146	0.94419	0.91435	0.91568	0.91948	0.91958	0.96114	0.94543	0.94585	0.91531	0.92925	0.9747	0.94082	0.95007	0.94035	0.94162	0.95814	0.95704	0.96316	0.94136	0.93978	0.95745	0.93567	0.94338	0.93176	0.95502	0.96376	0.89754	0.93948	0.95229
-795	0.94401	0.93063	0.89972	0.93589	0.91855	0.90823	0.9298	0.89415	0.93935	0.9282	0.92884	0.91773	0.90288	0.9289	0.9077	0.90635	0.89543	0.92318	0.89763	0.89752	0.89338	0.89679	0.94173	0.92367	0.91607	0.8919	0.90755	0.93711	0.92124	0.93333	0.9156	0.92893	0.93703	0.93495	0.93518	0.91514	0.91421	0.9363	0.92309	0.9148	0.9263	0.93961	0.92256	0.88281	0.91165	0.91661
-780	0.93068	0.91622	0.86853	0.91171	0.89591	0.89494	0.91216	0.87742	0.91988	0.90065	0.90904	0.90267	0.88699	0.91317	0.89028	0.88949	0.88542	0.90643	0.87264	0.88532	0.88289	0.88453	0.92068	0.90999	0.90224	0.88354	0.88796	0.93408	0.92356	0.92781	0.90344	0.90914	0.92443	0.90742	0.9102	0.90444	0.90782	0.91277	0.90501	0.9053	0.90771	0.93064	0.91324	0.8796	0.89925	0.90239
-765	0.92628	0.90884	0.8647	0.89205	0.88188	0.88968	0.89516	0.87227	0.90286	0.89482	0.90117	0.90163	0.87718	0.89163	0.88408	0.88723	0.87831	0.90904	0.86867	0.88918	0.88463	0.88634	0.9162	0.89977	0.88786	0.88522	0.88115	0.91813	0.92809	0.92219	0.89771	0.9054	0.90952	0.89333	0.90089	0.8949	0.90433	0.89992	0.9139	0.89871	0.89571	0.9179	0.89876	0.88402	0.89357	0.89242
-750	0.91874	0.90288	0.87699	0.88451	0.89508	0.88717	0.88658	0.8842	0.90761	0.89773	0.90457	0.89979	0.88102	0.89112	0.88818	0.89631	0.90256	0.90388	0.86622	0.89593	0.8984	0.89065	0.9248	0.89052	0.87843	0.89425	0.88502	0.92314	0.94291	0.92218	0.91026	0.90108	0.91648	0.89421	0.90236	0.89734	0.91396	0.89805	0.91822	0.90623	0.89993	0.92462	0.89846	0.90386	0.90825	0.88764
-735	0.93495	0.89531	0.89622	0.88907	0.91375	0.92358	0.89107	0.91626	0.91843	0.913	0.92393	0.92284	0.90803	0.91392	0.9036	0.91089	0.92947	0.91674	0.87581	0.91336	0.92078	0.91812	0.93565	0.91287	0.90046	0.89547	0.89785	0.93936	0.96013	0.93909	0.93299	0.90648	0.93665	0.90074	0.91897	0.91051	0.93688	0.90425	0.9297	0.93083	0.92092	0.93614	0.91219	0.91456	0.93204	0.91363
-720	0.95359	0.9069	0.92238	0.90046	0.94013	0.9505	0.92211	0.95302	0.93922	0.93721	0.94724	0.94224	0.92856	0.94464	0.92932	0.92496	0.95456	0.94004	0.90118	0.92972	0.94154	0.94097	0.95807	0.93264	0.92592	0.90536	0.92588	0.96303	0.97295	0.95968	0.9456	0.9168	0.95574	0.92029	0.93957	0.93649	0.96817	0.9358	0.94642	0.95193	0.93666	0.96844	0.94037	0.92276	0.95925	0.94722
-705	0.9693	0.94099	0.94994	0.9202	0.9699	0.98066	0.94591	0.97715	0.96016	0.97245	0.97722	0.96501	0.95333	0.96169	0.95047	0.94154	0.98107	0.96823	0.92244	0.94576	0.96491	0.95958	0.97619	0.95813	0.94519	0.93125	0.9515	0.98875	0.9818	0.97863	0.96429	0.93327	0.97985	0.93686	0.96435	0.94093	0.97948	0.94936	0.96819	0.97323	0.94761	0.99849	0.97522	0.94033	0.9804	0.9766
-690	0.97812	0.9564	0.97141	0.93641	0.99614	0.98836	0.9655	0.98248	0.97666	0.99951	0.99766	0.97205	0.96308	0.97873	0.9697	0.94585	1.00149	0.97919	0.95683	0.95869	0.97409	0.96109	0.99444	0.97572	0.95573	0.94712	0.94768	0.99468	0.98672	0.9923	0.97842	0.94024	0.99718	0.95584	0.97718	0.94376	0.99504	0.97076	0.9864	0.98612	0.95197	0.9994	0.98827	0.96641	0.99484	0.991
-675	0.98521	0.97403	0.96793	0.95514	1.00379	0.9808	0.97356	0.98022	0.9808	1.00267	0.99712	0.96557	0.95761	0.9789	0.97312	0.95159	0.99949	0.97804	0.96977	0.96946	0.96338	0.96141	1.01115	0.96898	0.95567	0.94666	0.95458	0.99313	0.98425	0.99135	0.96792	0.94803	1.00479	0.95719	0.97485	0.94224	1.00657	0.97582	0.98198	0.97599	0.94752	0.98491	0.99323	0.96713	0.99832	0.99025
-660	0.97863	0.96845	0.95499	0.9605	0.99418	0.96775	0.97032	0.95745	0.97507	0.99863	0.98202	0.9544	0.94233	0.97172	0.96597	0.95182	0.97507	0.96162	0.96365	0.96582	0.94979	0.93742	1.00362	0.97179	0.95606	0.93729	0.94954	0.97926	0.972	0.98271	0.94858	0.94448	0.99442	0.95004	0.95767	0.93351	0.99233	0.96433	0.95679	0.96578	0.94091	0.95919	0.98666	0.96049	0.99056	0.97172
-645	0.96122	0.94819	0.92944	0.94058	0.97714	0.9436	0.95635	0.92739	0.96402	0.98363	0.95391	0.94566	0.92024	0.95997	0.94716	0.93376	0.94824	0.93958	0.95365	0.94438	0.92236	0.90691	0.97955	0.94371	0.94414	0.92818	0.92617	0.95186	0.94325	0.97101	0.91915	0.93258	0.97644	0.93606	0.94097	0.91184	0.95956	0.93999	0.93303	0.94021	0.92918	0.93766	0.95237	0.95265	0.96198	0.94523
-630	0.93582	0.93889	0.89349	0.91702	0.93465	0.91943	0.93091	0.89055	0.93808	0.94726	0.91704	0.914	0.89392	0.92697	0.91984	0.91666	0.91089	0.90874	0.92966	0.91875	0.89263	0.87508	0.94852	0.917	0.93	0.90978	0.89959	0.92661	0.92533	0.9478	0.89845	0.89994	0.94898	0.90251	0.91657	0.89457	0.93978	0.90976	0.90078	0.91728	0.89994	0.90165	0.93603	0.93228	0.93474	0.91489
-615	0.90856	0.90991	0.87125	0.87493	0.8949	0.89293	0.89944	0.85565	0.91085	0.91083	0.89423	0.88374	0.87271	0.89322	0.8941	0.88815	0.88216	0.88629	0.90788	0.8925	0.86673	0.86293	0.91886	0.88861	0.90334	0.88402	0.87412	0.89544	0.88815	0.91146	0.8718	0.87876	0.92084	0.87913	0.88938	0.87513	0.89659	0.88279	0.8831	0.89034	0.87547	0.87663	0.89483	0.89337	0.90461	0.87729
-600	0.87972	0.88233	0.85359	0.84595	0.87655	0.87619	0.86946	0.84017	0.88324	0.8835	0.87022	0.86765	0.86186	0.87029	0.87011	0.86714	0.85689	0.86079	0.89109	0.86491	0.85173	0.83291	0.90173	0.85924	0.88214	0.85952	0.84368	0.87919	0.86554	0.87259	0.85123	0.85916	0.90537	0.85978	0.87543	0.86522	0.86527	0.86902	0.86089	0.87681	0.86665	0.85595	0.87859	0.87719	0.88718	0.84521
-585	0.87621	0.86487	0.84993	0.8373	0.86312	0.88632	0.86172	0.84799	0.86641	0.87721	0.86949	0.8664	0.85523	0.87128	0.85564	0.8519	0.83762	0.8567	0.87538	0.86147	0.84135	0.81618	0.89278	0.85939	0.86722	0.85086	0.83031	0.86931	0.86239	0.86715	0.84897	0.85417	0.88916	0.85653	0.86317	0.85246	0.86223	0.86373	0.85837	0.87413	0.85263	0.8536	0.86947	0.84919	0.88444	0.84241
-570	0.88524	0.8713	0.84817	0.85436	0.87695	0.90081	0.87371	0.87344	0.87552	0.88255	0.88198	0.87185	0.86011	0.87754	0.86821	0.85892	0.84984	0.87539	0.87386	0.86201	0.84831	0.8296	0.89971	0.86979	0.87947	0.86169	0.84951	0.87909	0.86581	0.87832	0.85273	0.85702	0.89307	0.87805	0.86943	0.85445	0.86603	0.88477	0.87191	0.88298	0.85427	0.87085	0.88594	0.84715	0.88144	0.85032
-555	0.91091	0.89767	0.87719	0.87823	0.89948	0.92417	0.89126	0.90068	0.88678	0.91266	0.90969	0.89682	0.88104	0.88533	0.88805	0.86663	0.87339	0.89649	0.87968	0.88499	0.87034	0.86557	0.92076	0.89642	0.89946	0.88724	0.87704	0.90387	0.8894	0.90189	0.8844	0.87852	0.91279	0.90252	0.89498	0.86544	0.87813	0.91151	0.89697	0.90667	0.87103	0.90725	0.91886	0.86289	0.89774	0.87611
-540	0.94656	0.91906	0.90409	0.91212	0.92323	0.95361	0.92235	0.92778	0.91363	0.93262	0.92949	0.9188	0.90637	0.90818	0.91834	0.88286	0.90864	0.93146	0.90247	0.91008	0.90118	0.89117	0.94946	0.93001	0.91865	0.91849	0.89196	0.92994	0.91448	0.93692	0.91542	0.90621	0.93373	0.94024	0.92444	0.89599	0.91192	0.93702	0.92083	0.93317	0.88873	0.92638	0.9377	0.88967	0.91956	0.89938
-525	0.98045	0.95354	0.92992	0.94138	0.94369	0.98112	0.95137	0.95977	0.93442	0.95598	0.95268	0.93888	0.91643	0.92895	0.93462	0.90888	0.93524	0.95427	0.92359	0.93303	0.91598	0.91524	0.97738	0.95844	0.9426	0.94759	0.91905	0.95309	0.9415	0.97307	0.94821	0.92785	0.96272	0.96418	0.93799	0.91741	0.94338	0.96197	0.94163	0.95701	0.90629	0.94305	0.96574	0.90441	0.94695	0.92403
-510	0.99473	0.96155	0.93443	0.9585	0.96116	0.98729	0.96502	0.97032	0.95657	0.97171	0.96233	0.95032	0.92621	0.9383	0.94628	0.92869	0.94593	0.96607	0.93391	0.95573	0.92795	0.92891	0.9854	0.97547	0.95135	0.96571	0.93936	0.96189	0.95013	0.99485	0.9606	0.93759	0.96979	0.9786	0.95148	0.93224	0.9586	0.9631	0.94475	0.97197	0.92604	0.95409	0.98928	0.92088	0.96337	0.94239
-495	0.99347	0.96193	0.92621	0.95972	0.97258	0.97447	0.96526	0.96318	0.96	0.97104	0.95442	0.94589	0.92586	0.93592	0.94495	0.9317	0.94452	0.96455	0.93334	0.96318	0.92843	0.92913	0.98203	0.97112	0.95154	0.97344	0.93572	0.97545	0.94609	0.99395	0.96179	0.92888	0.96786	0.97902	0.94987	0.92868	0.96125	0.94738	0.94755	0.97024	0.93348	0.95354	0.98768	0.94142	0.96402	0.95452
-480	0.97534	0.9529	0.9153	0.93895	0.96137	0.95314	0.94855	0.94962	0.95231	0.95474	0.9353	0.92091	0.91003	0.91497	0.92898	0.93443	0.92201	0.93874	0.9184	0.95167	0.91685	0.91988	0.97155	0.96045	0.93744	0.95612	0.92263	0.96593	0.93168	0.97085	0.95069	0.91052	0.95859	0.95336	0.93287	0.91778	0.94942	0.92772	0.93521	0.95204	0.90529	0.93402	0.97372	0.9234	0.95116	0.94192
-465	0.9417	0.92747	0.89869	0.91153	0.94604	0.9074	0.91942	0.91715	0.9384	0.92469	0.91325	0.89488	0.88823	0.89307	0.9021	0.91102	0.89843	0.90974	0.89054	0.93517	0.89357	0.90345	0.94413	0.93516	0.89596	0.92588	0.88831	0.94366	0.90417	0.94275	0.9132	0.88673	0.9328	0.92338	0.89686	0.8992	0.92365	0.88899	0.90907	0.92195	0.8915	0.91576	0.93617	0.88782	0.92619	0.91811
-450	0.90534	0.89874	0.86365	0.86564	0.92064	0.87939	0.88601	0.87876	0.9051	0.88847	0.87233	0.85992	0.85882	0.86449	0.86759	0.88325	0.86429	0.87865	0.86331	0.89547	0.86618	0.86499	0.92207	0.89077	0.85735	0.89262	0.85426	0.90719	0.87366	0.90109	0.87138	0.87289	0.90307	0.8803	0.8619	0.86706	0.88867	0.85206	0.88787	0.88555	0.86462	0.88157	0.9095	0.87536	0.9013	0.88543
-435	0.87011	0.86269	0.84055	0.84716	0.88404	0.86021	0.85692	0.85226	0.88134	0.86676	0.84663	0.84306	0.8144	0.84079	0.842	0.85524	0.8371	0.84662	0.83387	0.86457	0.83903	0.83029	0.89852	0.86073	0.82502	0.86095	0.84112	0.87999	0.85798	0.88134	0.83516	0.8555	0.87141	0.85114	0.82219	0.82762	0.8599	0.81988	0.87065	0.8563	0.8425	0.85764	0.8788	0.84072	0.87406	0.86784
-420	0.84464	0.84951	0.82797	0.82901	0.86215	0.84367	0.84059	0.84114	0.86752	0.85507	0.83348	0.83644	0.80278	0.81807	0.83168	0.84022	0.82743	0.82682	0.81439	0.84519	0.83028	0.82573	0.88003	0.85158	0.82261	0.83636	0.83255	0.86015	0.84923	0.86722	0.81133	0.84067	0.85866	0.83263	0.81018	0.80765	0.8329	0.81458	0.86509	0.83628	0.833	0.84565	0.87017	0.8276	0.85018	0.851
-405	0.84689	0.85308	0.84197	0.82359	0.85636	0.85225	0.8389	0.84214	0.85638	0.86109	0.83527	0.85236	0.80768	0.81013	0.83111	0.82889	0.83003	0.81858	0.80399	0.84684	0.82575	0.8257	0.87817	0.85452	0.82878	0.84005	0.83283	0.87029	0.86749	0.85528	0.80844	0.84352	0.86856	0.81994	0.81516	0.81032	0.8298	0.82932	0.85878	0.82819	0.84115	0.84052	0.86655	0.83626	0.84927	0.85328
-390	0.86081	0.86198	0.85782	0.83682	0.85164	0.87926	0.86093	0.85078	0.86457	0.87608	0.84876	0.87062	0.83137	0.82954	0.84953	0.84043	0.85411	0.83209	0.82091	0.85191	0.84162	0.84871	0.89096	0.87539	0.85812	0.85959	0.84315	0.88907	0.88447	0.88442	0.82618	0.85628	0.88003	0.84265	0.83141	0.8303	0.84577	0.844	0.869	0.83336	0.86122	0.8438	0.8796	0.84934	0.86005	0.87055
-375	0.88744	0.88708	0.90186	0.85959	0.8631	0.89392	0.89428	0.87663	0.87638	0.90895	0.88264	0.89815	0.85972	0.86291	0.87159	0.862	0.87896	0.84718	0.84884	0.87945	0.86299	0.87566	0.91976	0.90458	0.88543	0.88881	0.87662	0.90917	0.91013	0.91907	0.85744	0.87037	0.91109	0.86789	0.85709	0.85058	0.87473	0.88685	0.89151	0.86241	0.87319	0.85022	0.90937	0.86999	0.893	0.88643
-360	0.91649	0.90758	0.92724	0.88628	0.88904	0.91523	0.93065	0.89609	0.90007	0.93869	0.90783	0.92964	0.90092	0.88958	0.89799	0.88773	0.90241	0.8705	0.86988	0.90541	0.89169	0.89694	0.94288	0.93165	0.90843	0.908	0.90538	0.92918	0.92529	0.95234	0.89245	0.90013	0.93774	0.89332	0.89537	0.87621	0.89948	0.92221	0.91542	0.89468	0.89886	0.86878	0.93334	0.89745	0.92219	0.91246
-345	0.94556	0.92672	0.94764	0.90298	0.91351	0.94369	0.95916	0.9073	0.91902	0.96204	0.92244	0.95188	0.9228	0.91282	0.91827	0.90886	0.92181	0.89825	0.8854	0.92418	0.91276	0.90739	0.96729	0.95105	0.93077	0.91736	0.91156	0.95821	0.93773	0.97245	0.91955	0.92653	0.9638	0.92444	0.91882	0.89985	0.92403	0.94336	0.93539	0.92964	0.91798	0.88157	0.95109	0.9313	0.94511	0.91886
-330	0.95962	0.94398	0.96163	0.91988	0.92568	0.9442	0.96845	0.91449	0.93345	0.96753	0.92326	0.95393	0.93605	0.9196	0.92879	0.92554	0.92916	0.90408	0.88272	0.9351	0.92445	0.91018	0.97775	0.96053	0.94091	0.91323	0.91504	0.95988	0.93895	0.97275	0.91962	0.93295	0.96362	0.93763	0.93606	0.90715	0.92884	0.95202	0.94142	0.94459	0.90978	0.89551	0.96022	0.92667	0.95535	0.91665
-315	0.95157	0.94045	0.94984	0.92503	0.92283	0.92743	0.96216	0.89641	0.93897	0.96086	0.9148	0.94574	0.92846	0.91901	0.92504	0.91449	0.92682	0.90757	0.87353	0.93238	0.91414	0.90284	0.96906	0.95339	0.92086	0.91002	0.90705	0.93866	0.92545	0.97511	0.90526	0.93417	0.94774	0.93038	0.92064	0.89946	0.92546	0.93352	0.93061	0.94921	0.91175	0.89983	0.95572	0.91256	0.94142	0.9053
-300	0.93401	0.92384	0.91783	0.89497	0.89261	0.91392	0.93914	0.87832	0.92462	0.93841	0.8868	0.92299	0.90067	0.89728	0.9087	0.8953	0.91138	0.89693	0.85946	0.90506	0.89441	0.87445	0.95308	0.92317	0.88859	0.89109	0.89194	0.91004	0.8904	0.95131	0.88483	0.92711	0.91369	0.90483	0.8971	0.87693	0.90436	0.90434	0.91656	0.92057	0.88959	0.89142	0.951	0.90509	0.9153	0.89204
-285	0.90867	0.89734	0.8865	0.87753	0.85546	0.89523	0.90357	0.86245	0.89735	0.91433	0.86237	0.89275	0.86022	0.85903	0.89376	0.87098	0.88576	0.87717	0.83916	0.87336	0.86291	0.84937	0.93055	0.89313	0.8493	0.85509	0.88328	0.87662	0.85715	0.92552	0.85207	0.89237	0.8786	0.8836	0.86005	0.85084	0.87308	0.87282	0.89035	0.89402	0.87113	0.87016	0.92179	0.87778	0.88801	0.87574
-270	0.87602	0.87655	0.85849	0.84578	0.83815	0.8755	0.86962	0.84452	0.86435	0.88215	0.83336	0.85864	0.82131	0.83071	0.87366	0.84937	0.86116	0.86563	0.81544	0.83348	0.83427	0.82706	0.90124	0.86704	0.8189	0.83216	0.83932	0.85292	0.83124	0.89489	0.82358	0.85816	0.84657	0.85243	0.83014	0.8203	0.84402	0.84467	0.84893	0.86521	0.83635	0.85949	0.90179	0.85465	0.85715	0.85489
-255	0.85688	0.85577	0.83934	0.81168	0.83017	0.86699	0.84262	0.82368	0.84079	0.85323	0.81426	0.83668	0.79719	0.81095	0.85687	0.82805	0.83903	0.84743	0.8019	0.81389	0.80643	0.8062	0.87877	0.85087	0.80159	0.82053	0.81701	0.84576	0.81737	0.85619	0.79612	0.83283	0.83097	0.8308	0.79411	0.79877	0.82281	0.82637	0.81963	0.83416	0.82017	0.83942	0.87401	0.8343	0.82733	0.84219
-240	0.84121	0.84339	0.83478	0.79183	0.8187	0.8535	0.8324	0.81709	0.83104	0.84472	0.81306	0.82298	0.78559	0.80771	0.85254	0.82155	0.83503	0.84561	0.80948	0.80988	0.79656	0.8087	0.87695	0.85352	0.79871	0.82374	0.80332	0.84437	0.81606	0.86379	0.80307	0.83132	0.81539	0.82516	0.78713	0.78749	0.82175	0.80966	0.81821	0.82473	0.80972	0.83559	0.86656	0.82528	0.8156	0.84113
-225	0.84622	0.84918	0.8418	0.7986	0.83344	0.85909	0.83765	0.83123	0.83542	0.84915	0.82408	0.82872	0.79782	0.82662	0.85555	0.83073	0.84632	0.84744	0.82419	0.81772	0.8025	0.82072	0.89176	0.86648	0.82114	0.8498	0.81837	0.867	0.83021	0.88001	0.8195	0.83826	0.82479	0.8351	0.79426	0.78994	0.8343	0.83106	0.8295	0.8375	0.81254	0.85467	0.8607	0.83762	0.82762	0.8564
-210	0.8776	0.86694	0.86304	0.81079	0.87448	0.88797	0.86714	0.84319	0.85761	0.86995	0.85034	0.85163	0.82613	0.85203	0.86574	0.85538	0.86522	0.8778	0.84694	0.83957	0.83055	0.83743	0.91751	0.88583	0.84554	0.86919	0.83252	0.89634	0.85683	0.90923	0.84549	0.87404	0.85468	0.85385	0.82274	0.81275	0.85608	0.85112	0.85388	0.85388	0.84394	0.88319	0.86477	0.84946	0.86061	0.89631
-195	0.92094	0.9068	0.89459	0.84358	0.91255	0.92503	0.89872	0.88207	0.89592	0.90644	0.88922	0.89222	0.85765	0.87869	0.89491	0.88558	0.89683	0.90935	0.8761	0.87085	0.86391	0.86512	0.9545	0.90611	0.87447	0.88213	0.84881	0.93413	0.89137	0.94946	0.87639	0.91893	0.89657	0.88615	0.85397	0.84455	0.89112	0.87676	0.88986	0.89501	0.87768	0.91958	0.88892	0.87387	0.89958	0.91813
-180	0.95454	0.94074	0.93234	0.89542	0.94684	0.95204	0.92714	0.92451	0.93597	0.9395	0.91632	0.91799	0.89769	0.89753	0.92185	0.92401	0.92235	0.93846	0.89806	0.90804	0.90056	0.898	0.99229	0.93166	0.90057	0.90232	0.88175	0.9562	0.92523	0.98345	0.89905	0.95029	0.92891	0.90597	0.88828	0.86828	0.92935	0.90618	0.93089	0.92886	0.8996	0.95642	0.91182	0.89936	0.93656	0.9465
-165	0.97199	0.95634	0.94201	0.92407	0.96147	0.9687	0.94677	0.94605	0.95165	0.96779	0.935	0.94456	0.92049	0.91843	0.93241	0.94	0.93485	0.94984	0.90714	0.92915	0.91724	0.9136	1.01851	0.93693	0.916	0.9154	0.90014	0.96542	0.93946	1.00959	0.91215	0.97169	0.95633	0.91264	0.90209	0.88229	0.94825	0.91551	0.94678	0.93597	0.91574	0.97224	0.9176	0.91261	0.95652	0.95029
-150	0.97931	0.95336	0.9414	0.92922	0.95274	0.97077	0.94877	0.95785	0.95996	0.97247	0.93764	0.95	0.91549	0.91032	0.93435	0.95242	0.92439	0.93889	0.91227	0.93244	0.91768	0.90219	1.02609	0.92323	0.90342	0.90932	0.90545	0.95823	0.93045	1.01059	0.90735	0.9651	0.9533	0.91115	0.90196	0.88563	0.95074	0.92151	0.94045	0.92938	0.92101	0.98364	0.92261	0.92536	0.95996	0.94446
-135	0.96703	0.93551	0.92394	0.92476	0.92545	0.96164	0.93254	0.95044	0.94828	0.958	0.91568	0.93325	0.90019	0.88536	0.92635	0.9369	0.90847	0.92712	0.88957	0.9111	0.90344	0.88712	1.01307	0.90393	0.89293	0.88395	0.90476	0.93476	0.90814	0.99293	0.8876	0.9344	0.94739	0.89832	0.88025	0.86295	0.93068	0.91369	0.91589	0.92148	0.90554	0.96694	0.91058	0.92915	0.94569	0.91777
-120	0.93489	0.90693	0.89314	0.90257	0.90277	0.94215	0.91046	0.92414	0.9281	0.92447	0.88299	0.91055	0.8659	0.86441	0.90642	0.91398	0.88579	0.89466	0.85971	0.87607	0.88565	0.85989	0.98982	0.87118	0.87176	0.86703	0.88264	0.91378	0.87977	0.96315	0.85515	0.88982	0.93019	0.86729	0.85401	0.82447	0.90425	0.88444	0.88086	0.89453	0.87538	0.9429	0.9009	0.9007	0.92538	0.88817
-105	0.89196	0.86967	0.8616	0.86792	0.87397	0.90897	0.88723	0.88951	0.90081	0.88077	0.84824	0.88116	0.8276	0.82771	0.87364	0.87885	0.85314	0.85291	0.82341	0.85432	0.85246	0.82041	0.95907	0.85044	0.84189	0.84592	0.85302	0.88183	0.84521	0.91474	0.80545	0.84192	0.90543	0.8311	0.81296	0.78416	0.85463	0.84607	0.84069	0.85803	0.83332	0.89247	0.8693	0.85866	0.88173	0.85019
-90	0.8546	0.83147	0.82712	0.83012	0.85061	0.88005	0.85262	0.85806	0.87469	0.84606	0.81333	0.85215	0.78318	0.79399	0.84216	0.84421	0.82804	0.81289	0.78659	0.82088	0.81388	0.78795	0.92841	0.83077	0.80666	0.82234	0.81345	0.85281	0.81886	0.88321	0.77943	0.81024	0.87304	0.79419	0.77999	0.73481	0.81388	0.80901	0.80544	0.82732	0.80303	0.852	0.83704	0.8237	0.8457	0.81518
-75	0.82593	0.8104	0.79287	0.80098	0.81984	0.86613	0.8305	0.82926	0.85856	0.81472	0.78626	0.82343	0.75086	0.77096	0.81956	0.81915	0.80961	0.7882	0.76055	0.79123	0.78016	0.76528	0.90885	0.81389	0.79956	0.80915	0.79077	0.84417	0.80101	0.85089	0.75548	0.77558	0.84727	0.76333	0.75053	0.69663	0.78633	0.79386	0.77499	0.80255	0.79235	0.82917	0.81407	0.80986	0.82826	0.80889
-60	0.82066	0.80655	0.79278	0.76986	0.81807	0.86554	0.82463	0.81933	0.84886	0.80454	0.77518	0.81907	0.73365	0.76439	0.81711	0.80267	0.79652	0.79019	0.75446	0.79179	0.77213	0.75709	0.89843	0.80478	0.79365	0.80599	0.77262	0.83462	0.78994	0.84122	0.7483	0.76987	0.84144	0.74813	0.74246	0.68206	0.77267	0.78223	0.76518	0.79426	0.79052	0.81557	0.80701	0.7895	0.82612	0.81874
-45	0.82684	0.82008	0.79485	0.7704	0.81139	0.86987	0.82115	0.81914	0.85109	0.81048	0.77848	0.82791	0.73668	0.75707	0.83433	0.80229	0.79468	0.78902	0.75888	0.80087	0.77233	0.77173	0.9029	0.81907	0.80777	0.803	0.76812	0.83958	0.79031	0.84964	0.75311	0.78601	0.84069	0.73303	0.74156	0.68522	0.77222	0.77931	0.78078	0.80277	0.79987	0.80792	0.80555	0.79197	0.83656	0.82964
-30	0.83033	0.83058	0.80553	0.77244	0.80723	0.87943	0.82322	0.8217	0.86207	0.8242	0.77961	0.83484	0.74846	0.75413	0.84623	0.81682	0.79297	0.79646	0.76736	0.82348	0.77488	0.7807	0.91679	0.84127	0.81384	0.80646	0.77193	0.83456	0.79352	0.85995	0.76019	0.80546	0.85196	0.72991	0.74765	0.6985	0.77939	0.78932	0.79229	0.81044	0.79938	0.81916	0.80603	0.81086	0.85227	0.84655
-15	0.83185	0.8422	0.81546	0.77808	0.80061	0.88708	0.82426	0.82988	0.8635	0.83112	0.78358	0.84392	0.76038	0.758	0.85964	0.82106	0.79004	0.7993	0.77176	0.83744	0.77916	0.78863	0.9186	0.84933	0.82704	0.80689	0.76738	0.83777	0.79703	0.86491	0.76872	0.81143	0.85434	0.72838	0.74813	0.71749	0.78202	0.78362	0.79901	0.81167	0.79765	0.82274	0.80968	0.82413	0.8701	0.85006
0	0.83665	0.82975	0.82651	0.77533	0.79224	0.87804	0.82988	0.82608	0.8673	0.83412	0.78765	0.84626	0.7589	0.75804	0.85972	0.82326	0.7845	0.79797	0.78073	0.8382	0.78505	0.7745	0.91151	0.85127	0.82144	0.80202	0.77588	0.82814	0.79264	0.85909	0.76628	0.81206	0.84334	0.73907	0.74323	0.73179	0.78928	0.78669	0.80383	0.82356	0.79374	0.83204	0.8212	0.85516	0.86488	0.84359
15	0.83163	0.81799	0.81803	0.78527	0.79065	0.87433	0.82573	0.82283	0.86476	0.83436	0.78502	0.84649	0.75967	0.76642	0.85755	0.821	0.77581	0.79998	0.77046	0.82327	0.77983	0.77081	0.9007	0.85114	0.82287	0.79077	0.78883	0.82693	0.79035	0.85703	0.75781	0.80558	0.82717	0.74064	0.74273	0.7268	0.79785	0.78547	0.80441	0.81714	0.77945	0.82104	0.81832	0.8731	0.85043	0.83139
30	0.82873	0.80949	0.80933	0.79838	0.78539	0.86164	0.82149	0.81562	0.86244	0.82529	0.78847	0.82658	0.76297	0.76895	0.84409	0.83053	0.77932	0.79763	0.76444	0.81697	0.7772	0.76284	0.89201	0.83649	0.82115	0.78454	0.79833	0.82642	0.78775	0.85729	0.7419	0.79073	0.82167	0.74613	0.748	0.72659	0.79746	0.78256	0.79757	0.81002	0.7738	0.81581	0.8206	0.85724	0.84289	0.82389
45	0.81886	0.80538	0.81181	0.80529	0.80021	0.83769	0.82003	0.81869	0.85718	0.82334	0.79481	0.80954	0.75996	0.76743	0.82807	0.82369	0.78951	0.79209	0.76004	0.80305	0.76712	0.75105	0.88771	0.81788	0.81611	0.7853	0.79469	0.82304	0.77613	0.85069	0.7353	0.7798	0.81021	0.75721	0.74853	0.72615	0.78964	0.77688	0.78875	0.80718	0.76505	0.79966	0.80856	0.84668	0.82051	0.80592
60	0.82907	0.81147	0.82056	0.81633	0.81026	0.84489	0.82741	0.81692	0.8565	0.83576	0.80828	0.81755	0.76549	0.78332	0.82924	0.82786	0.8032	0.80205	0.76113	0.80394	0.77208	0.75823	0.89413	0.81307	0.8192	0.79055	0.8081	0.8267	0.77719	0.86066	0.74259	0.78161	0.81557	0.7745	0.75554	0.7292	0.79575	0.79044	0.79836	0.81204	0.76323	0.79665	0.82483	0.85148	0.81942	0.7984
75	0.85687	0.84215	0.83829	0.83872	0.82769	0.85942	0.85127	0.83896	0.8766	0.85897	0.83274	0.83242	0.77678	0.80076	0.83951	0.84403	0.82665	0.82761	0.78475	0.8221	0.79954	0.777	0.92328	0.82047	0.83251	0.81795	0.83841	0.8479	0.80471	0.88472	0.76732	0.79416	0.83786	0.80382	0.78359	0.75429	0.82467	0.82147	0.81726	0.83226	0.79724	0.81799	0.833	0.86819	0.82951	0.8106
90	0.88734	0.88001	0.85891	0.86186	0.86754	0.88631	0.88543	0.8729	0.89546	0.89421	0.86262	0.8634	0.8117	0.83603	0.86824	0.86846	0.8634	0.86044	0.82259	0.85831	0.83723	0.8119	0.95854	0.8506	0.86382	0.85784	0.86945	0.87887	0.84251	0.92028	0.80528	0.82479	0.86948	0.84234	0.81412	0.78616	0.85784	0.85696	0.84942	0.86461	0.83154	0.85886	0.85873	0.8917	0.86547	0.84494
105	0.91859	0.91571	0.88863	0.89242	0.90101	0.9036	0.91601	0.89832	0.91814	0.93087	0.89615	0.88843	0.8512	0.86994	0.89386	0.89457	0.8939	0.88551	0.85696	0.89177	0.87274	0.85848	0.98809	0.8854	0.8996	0.89153	0.89964	0.9151	0.87909	0.95508	0.82966	0.86497	0.90211	0.86587	0.85199	0.82638	0.88699	0.89869	0.88105	0.89839	0.87137	0.90432	0.89635	0.91722	0.90316	0.87372
120	0.9423	0.94175	0.91972	0.9051	0.92214	0.92047	0.93878	0.91746	0.93487	0.96726	0.91928	0.91955	0.88638	0.89388	0.9193	0.92082	0.92436	0.90047	0.88883	0.92839	0.9042	0.87731	1.01099	0.91641	0.90959	0.92026	0.91901	0.93115	0.90936	0.98207	0.86118	0.89908	0.94795	0.89428	0.87461	0.85745	0.90902	0.93668	0.89804	0.9251	0.89531	0.94978	0.9113	0.94012	0.93132	0.90804
135	0.95749	0.95621	0.9435	0.91609	0.93871	0.93549	0.95067	0.92967	0.94699	0.98826	0.92924	0.93947	0.91407	0.90491	0.93057	0.93591	0.94447	0.92105	0.9041	0.94627	0.92204	0.89751	1.02399	0.93731	0.91451	0.93366	0.91766	0.94011	0.93792	0.99039	0.89107	0.91554	0.97105	0.90817	0.88338	0.8818	0.92149	0.94766	0.90839	0.94193	0.91111	0.96059	0.93093	0.95844	0.94961	0.92455
150	0.95857	0.93702	0.93799	0.91383	0.94282	0.93214	0.9534	0.92688	0.9383	0.98572	0.9222	0.94921	0.90476	0.89869	0.92348	0.93275	0.94187	0.91979	0.90643	0.93619	0.91844	0.8928	1.01809	0.93573	0.90664	0.9229	0.91463	0.93379	0.93958	0.98819	0.89745	0.92057	0.97444	0.90772	0.88059	0.87847	0.92971	0.94749	0.90318	0.93928	0.90819	0.96741	0.92304	0.96334	0.94932	0.92829
165	0.94462	0.91536	0.91609	0.8991	0.93898	0.93472	0.93302	0.91407	0.92301	0.96162	0.90167	0.93273	0.88812	0.88237	0.91132	0.91748	0.91644	0.90591	0.89081	0.91785	0.88544	0.87518	0.99889	0.91897	0.88528	0.90007	0.8951	0.92812	0.93412	0.96421	0.87264	0.90444	0.95324	0.88844	0.87072	0.85927	0.91365	0.94149	0.88364	0.92055	0.89935	0.94117	0.90846	0.93145	0.92767	0.9152
180	0.92646	0.89055	0.88459	0.8634	0.90526	0.91605	0.89769	0.88925	0.89999	0.92916	0.86721	0.89618	0.85684	0.85075	0.88277	0.89393	0.89071	0.88466	0.86984	0.88392	0.85286	0.84967	0.96326	0.88396	0.86334	0.86683	0.86423	0.89532	0.91122	0.93183	0.84782	0.87747	0.93111	0.86781	0.85136	0.83184	0.89041	0.90867	0.84938	0.89896	0.8842	0.91264	0.88408	0.88694	0.89796	0.89339
195	0.89311	0.86299	0.85588	0.82718	0.88813	0.87963	0.86307	0.86307	0.86788	0.89692	0.83408	0.86093	0.82362	0.8229	0.85473	0.85334	0.86123	0.85404	0.85338	0.84284	0.80931	0.82156	0.91669	0.84257	0.83921	0.83704	0.83256	0.85903	0.87672	0.89184	0.82737	0.8393	0.89175	0.846	0.82465	0.79653	0.857	0.86312	0.81969	0.86593	0.85866	0.87371	0.86229	0.8526	0.86931	0.86358
210	0.868	0.84496	0.82422	0.8032	0.84942	0.86379	0.84305	0.84266	0.84409	0.86506	0.81201	0.85147	0.79057	0.80917	0.84166	0.82524	0.82433	0.83605	0.83467	0.82704	0.79049	0.80465	0.88535	0.82493	0.82657	0.81434	0.81783	0.83742	0.84865	0.86325	0.8034	0.81031	0.86349	0.83152	0.80516	0.78846	0.83071	0.83718	0.8067	0.83548	0.82276	0.8321	0.84735	0.825	0.84823	0.84975
225	0.86709	0.83938	0.80101	0.80962	0.8445	0.8511	0.84307	0.84249	0.84103	0.85207	0.81102	0.84142	0.77735	0.79432	0.83318	0.81507	0.81279	0.82313	0.835	0.82028	0.78804	0.80431	0.86784	0.82148	0.82408	0.81684	0.82623	0.83496	0.84029	0.85366	0.8019	0.7968	0.85183	0.82866	0.79744	0.79117	0.82575	0.82475	0.80769	0.83484	0.82499	0.82515	0.83651	0.8049	0.83409	0.84763
240	0.86938	0.85672	0.79835	0.82958	0.85767	0.8574	0.8553	0.84777	0.85314	0.85496	0.82419	0.84388	0.79161	0.80464	0.84383	0.82374	0.81717	0.83703	0.84725	0.82162	0.79995	0.80639	0.87338	0.83469	0.83986	0.83034	0.84049	0.85293	0.85332	0.86177	0.8175	0.80306	0.85444	0.84589	0.80514	0.79697	0.83928	0.82996	0.833	0.84619	0.81755	0.83406	0.85216	0.82199	0.851	0.85926
255	0.884	0.87733	0.82685	0.84911	0.88064	0.86829	0.87884	0.87464	0.88022	0.87106	0.8477	0.86702	0.8196	0.83842	0.85782	0.84452	0.84013	0.85217	0.8678	0.84688	0.82421	0.82615	0.88625	0.85756	0.85759	0.86181	0.85857	0.88571	0.86493	0.88723	0.84288	0.8239	0.87509	0.87134	0.83185	0.82322	0.85876	0.85195	0.85884	0.87526	0.82982	0.86371	0.87728	0.83272	0.86561	0.87394
270	0.90357	0.89435	0.86538	0.86056	0.89779	0.89721	0.91038	0.89024	0.91002	0.90106	0.87729	0.89215	0.85637	0.87267	0.88101	0.87707	0.86891	0.86715	0.89424	0.87995	0.86237	0.84436	0.92021	0.89138	0.88652	0.88284	0.89042	0.91661	0.88874	0.91769	0.8732	0.85752	0.904	0.90589	0.84894	0.84488	0.89032	0.86934	0.88331	0.90161	0.8578	0.88318	0.89002	0.84494	0.88631	0.9037
285	0.91789	0.92006	0.90166	0.88787	0.92866	0.92875	0.9377	0.91712	0.94223	0.93125	0.90006	0.91642	0.89276	0.89718	0.89208	0.91245	0.90075	0.88995	0.91716	0.91088	0.89069	0.87854	0.95909	0.91683	0.90962	0.90562	0.90347	0.94233	0.90636	0.93609	0.90716	0.88165	0.93398	0.92463	0.86245	0.87739	0.91552	0.89598	0.91171	0.92703	0.88866	0.90832	0.91466	0.8782	0.9143	0.92312
300	0.933	0.9305	0.91205	0.91665	0.9455	0.95287	0.95513	0.93394	0.95723	0.94597	0.91247	0.93452	0.90715	0.90877	0.90096	0.9289	0.91566	0.90666	0.9224	0.92589	0.90548	0.90183	0.9822	0.92594	0.92875	0.92896	0.90595	0.9581	0.92184	0.9558	0.92668	0.90691	0.96116	0.93238	0.87951	0.88571	0.93795	0.92201	0.9353	0.94593	0.91592	0.93438	0.92615	0.9058	0.94142	0.94449
315	0.93677	0.93874	0.92449	0.9091	0.95408	0.97539	0.95074	0.94158	0.95434	0.9548	0.91316	0.93601	0.91712	0.91444	0.89997	0.92947	0.91986	0.91417	0.92471	0.93651	0.90873	0.89933	0.99415	0.92683	0.94369	0.9385	0.89868	0.95273	0.92495	0.95575	0.92564	0.92395	0.96857	0.9278	0.88324	0.89838	0.94071	0.92611	0.94971	0.94746	0.93048	0.93549	0.93356	0.9139	0.94628	0.93753
330	0.93665	0.92393	0.9124	0.88935	0.93601	0.97341	0.9318	0.93629	0.93773	0.94741	0.90121	0.9177	0.90694	0.90542	0.89219	0.92235	0.91683	0.91136	0.91576	0.91875	0.90204	0.89788	0.98352	0.91567	0.93035	0.93174	0.89181	0.92844	0.91602	0.94918	0.91527	0.92188	0.96316	0.91703	0.87977	0.88578	0.92839	0.9135	0.94655	0.93621	0.93313	0.93774	0.9126	0.91082	0.94458	0.918
345	0.91433	0.90002	0.88953	0.86493	0.91215	0.95105	0.90415	0.9187	0.90974	0.92072	0.88375	0.89036	0.88913	0.88951	0.879	0.89035	0.89278	0.8948	0.89407	0.8974	0.87174	0.87732	0.94906	0.89717	0.90987	0.91014	0.8575	0.91159	0.89968	0.92815	0.89266	0.90131	0.94132	0.88868	0.86596	0.86949	0.89795	0.89043	0.92595	0.90588	0.91906	0.92162	0.89742	0.8947	0.93621	0.8962
360	0.8859	0.87381	0.85862	0.846	0.87124	0.90662	0.87718	0.89454	0.87897	0.88543	0.85861	0.87196	0.85146	0.85701	0.86541	0.86795	0.86	0.87422	0.86246	0.87871	0.84729	0.85388	0.91478	0.8769	0.87898	0.87428	0.83122	0.88116	0.86394	0.90186	0.86556	0.87265	0.90782	0.86117	0.84962	0.8508	0.86708	0.87395	0.8966	0.86979	0.89857	0.89091	0.85779	0.87568	0.91306	0.86367
375	0.86791	0.84249	0.82028	0.84411	0.8413	0.87573	0.85461	0.86159	0.85471	0.85035	0.84381	0.84244	0.82233	0.82605	0.85003	0.84764	0.84138	0.84954	0.8383	0.85509	0.82229	0.82287	0.88163	0.8639	0.85491	0.85215	0.81555	0.84514	0.83055	0.87748	0.84067	0.84629	0.88452	0.83403	0.82827	0.82833	0.83537	0.85284	0.87431	0.84619	0.8783	0.86126	0.84134	0.85198	0.88629	0.83402
390	0.8547	0.83821	0.81026	0.84088	0.82233	0.84911	0.84346	0.8367	0.84625	0.83896	0.82501	0.82758	0.80789	0.80555	0.84326	0.8397	0.82659	0.85097	0.82448	0.83504	0.81107	0.79667	0.87158	0.85978	0.83085	0.83386	0.80922	0.83466	0.82622	0.86892	0.83538	0.82502	0.87751	0.83402	0.82533	0.80891	0.81864	0.85051	0.86033	0.83591	0.84514	0.83579	0.82185	0.84231	0.87824	0.8128
405	0.85973	0.83885	0.81808	0.83932	0.81175	0.83948	0.85687	0.84144	0.8536	0.84124	0.82927	0.83225	0.80546	0.8164	0.85272	0.84719	0.83351	0.85181	0.82836	0.84216	0.81146	0.79644	0.86397	0.87248	0.81663	0.83072	0.82295	0.84897	0.8196	0.87324	0.84093	0.81565	0.87783	0.84297	0.83074	0.80893	0.82345	0.84967	0.85859	0.83966	0.83413	0.83619	0.82071	0.82833	0.88252	0.81249
420	0.87531	0.85536	0.84205	0.85504	0.8229	0.84795	0.88321	0.86165	0.87926	0.86673	0.84988	0.83711	0.8297	0.83965	0.86935	0.85989	0.83982	0.86117	0.85052	0.85476	0.82961	0.81709	0.88728	0.90099	0.83137	0.8395	0.86101	0.86814	0.8411	0.88763	0.86239	0.83322	0.88373	0.86631	0.84298	0.83026	0.8562	0.86012	0.86976	0.85207	0.84201	0.84564	0.84986	0.83936	0.89526	0.83033
435	0.90669	0.8726	0.8762	0.90071	0.85671	0.86466	0.91592	0.8904	0.90714	0.905	0.87478	0.86499	0.85922	0.86641	0.89036	0.88156	0.85977	0.87505	0.87539	0.88008	0.85663	0.84297	0.92224	0.91542	0.85303	0.85925	0.89154	0.89661	0.86193	0.91232	0.88953	0.86043	0.91115	0.89312	0.86166	0.86571	0.8895	0.8917	0.90069	0.88757	0.8638	0.86605	0.8984	0.87814	0.91821	0.86763
450	0.94037	0.90441	0.91536	0.92687	0.88027	0.88872	0.95206	0.92305	0.93241	0.93658	0.9003	0.90112	0.88699	0.89575	0.91517	0.89933	0.88957	0.89865	0.89771	0.91277	0.89166	0.87625	0.9568	0.93383	0.88531	0.88751	0.90766	0.9299	0.89644	0.95017	0.91576	0.91323	0.94395	0.9302	0.89077	0.89167	0.92882	0.91745	0.93526	0.92241	0.88789	0.89313	0.93629	0.9113	0.94608	0.9074
465	0.96392	0.92942	0.94837	0.93622	0.919	0.92047	0.97039	0.9472	0.94855	0.96352	0.92079	0.9313	0.9182	0.9291	0.93723	0.91053	0.90277	0.92159	0.92455	0.93999	0.91957	0.90278	0.98094	0.94685	0.91304	0.91364	0.93729	0.95647	0.92968	0.98432	0.93372	0.9413	0.96814	0.94423	0.90725	0.93258	0.95946	0.92771	0.96167	0.94833	0.89995	0.91976	0.96513	0.93894	0.96359	0.92964
480	0.97799	0.9353	0.96295	0.94071	0.94062	0.94326	0.98022	0.95656	0.9525	0.9746	0.94087	0.9476	0.93595	0.94178	0.95126	0.91863	0.91837	0.93401	0.93769	0.95154	0.93346	0.92408	0.99177	0.94614	0.91269	0.936	0.96317	0.98493	0.95387	1.00192	0.93705	0.9566	0.98089	0.96109	0.92119	0.94615	0.97267	0.93939	0.97828	0.95768	0.91274	0.93616	0.97847	0.95272	0.97793	0.94724
495	0.97744	0.93771	0.96342	0.92206	0.94792	0.95739	0.97611	0.95174	0.94657	0.97135	0.94697	0.95691	0.9386	0.94744	0.94936	0.91456	0.90845	0.92702	0.93211	0.94974	0.92949	0.92792	0.98838	0.93651	0.92036	0.93763	0.95339	0.99183	0.96589	0.99914	0.9301	0.96129	0.97309	0.95374	0.92631	0.95477	0.97744	0.94031	0.97618	0.95795	0.93087	0.94189	0.97753	0.96065	0.97203	0.95667
510	0.96136	0.91678	0.94159	0.90233	0.93954	0.93949	0.95757	0.9455	0.92539	0.95218	0.93274	0.94995	0.91745	0.92517	0.93705	0.91014	0.89467	0.91512	0.91917	0.93651	0.91935	0.91243	0.97514	0.91333	0.91372	0.92564	0.92613	0.97827	0.95138	0.98545	0.91192	0.9525	0.95263	0.94319	0.92262	0.93228	0.96067	0.93648	0.94907	0.94197	0.92746	0.94099	0.94675	0.94715	0.95319	0.94477
525	0.93923	0.90129	0.91197	0.8748	0.91346	0.92049	0.92983	0.91124	0.89778	0.91235	0.90866	0.92164	0.88996	0.89761	0.91469	0.89003	0.88102	0.89603	0.89135	0.90282	0.8987	0.89197	0.95148	0.89687	0.89919	0.90082	0.89071	0.94565	0.93371	0.95876	0.886	0.93472	0.93058	0.9211	0.89888	0.90392	0.92498	0.91674	0.92171	0.91766	0.91089	0.92294	0.92489	0.91684	0.92275	0.92608
540	0.90793	0.89238	0.88707	0.84618	0.8901	0.89986	0.90265	0.87714	0.86908	0.88548	0.87417	0.8814	0.86759	0.86843	0.88757	0.87528	0.86583	0.88447	0.86207	0.8764	0.87769	0.86595	0.92479	0.88959	0.87452	0.87527	0.86135	0.91966	0.91499	0.93108	0.86572	0.90782	0.91078	0.89908	0.87648	0.85679	0.89024	0.89782	0.8881	0.89458	0.87809	0.91028	0.89801	0.87964	0.89423	0.89918
555	0.89086	0.8739	0.86604	0.83243	0.87255	0.88168	0.88152	0.85949	0.85515	0.8624	0.86248	0.85634	0.84616	0.84333	0.8661	0.86904	0.85866	0.86116	0.85009	0.85096	0.85647	0.85004	0.89567	0.87729	0.855	0.86133	0.83729	0.89355	0.8877	0.8969	0.85544	0.8776	0.89625	0.87255	0.86259	0.82782	0.87031	0.88648	0.87021	0.87531	0.86016	0.90199	0.87858	0.85039	0.88154	0.88461
570	0.88577	0.87072	0.85703	0.83745	0.85616	0.87458	0.87131	0.86862	0.85944	0.8608	0.85671	0.83241	0.84156	0.84151	0.85004	0.85771	0.85248	0.85415	0.8513	0.83736	0.84943	0.85208	0.89452	0.8814	0.85034	0.8631	0.83008	0.87234	0.87868	0.87854	0.86376	0.87311	0.88822	0.86308	0.85324	0.82416	0.86343	0.88454	0.86941	0.86608	0.85942	0.90132	0.87171	0.85011	0.87113	0.88645
585	0.89427	0.8597	0.87556	0.85987	0.85798	0.88102	0.88127	0.87892	0.87818	0.86646	0.86509	0.84641	0.85227	0.84118	0.85305	0.86718	0.86425	0.85607	0.85621	0.85249	0.85824	0.86634	0.90402	0.88283	0.85923	0.86559	0.83882	0.86977	0.88133	0.89213	0.8752	0.88392	0.90019	0.86858	0.85714	0.83169	0.87026	0.89516	0.87762	0.88199	0.86655	0.89843	0.89939	0.84941	0.88771	0.89387
600	0.91102	0.88984	0.90284	0.88064	0.86676	0.90886	0.90295	0.91683	0.90619	0.88615	0.87299	0.88089	0.87367	0.85962	0.87462	0.89116	0.89738	0.88019	0.87494	0.88545	0.87919	0.88455	0.91982	0.90564	0.87677	0.89446	0.85269	0.89373	0.9023	0.92161	0.89782	0.89682	0.93286	0.89634	0.8698	0.84607	0.89473	0.91667	0.90217	0.90015	0.87753	0.91035	0.91708	0.85891	0.91367	0.91648
615	0.94246	0.91253	0.94059	0.92248	0.89273	0.94056	0.93638	0.9542	0.93951	0.91782	0.90443	0.92643	0.91155	0.89874	0.91608	0.90866	0.92099	0.91906	0.9003	0.91838	0.90133	0.91528	0.9447	0.93166	0.89286	0.93096	0.89627	0.92138	0.94013	0.95667	0.93312	0.90449	0.9677	0.92156	0.89494	0.88233	0.92133	0.93201	0.93343	0.93297	0.90673	0.92693	0.95133	0.8997	0.94965	0.94006
630	0.96798	0.93497	0.97238	0.9538	0.91052	0.9838	0.97	0.97847	0.97027	0.95631	0.9428	0.9576	0.93382	0.93134	0.94934	0.93566	0.95205	0.94431	0.92919	0.94452	0.93176	0.94258	0.96688	0.9497	0.91206	0.97326	0.93476	0.9628	0.96782	0.984	0.95286	0.92858	0.99331	0.95515	0.9229	0.91033	0.95576	0.95012	0.9664	0.95044	0.94528	0.9438	0.98117	0.92914	0.98144	0.9667
645	0.99178	0.94806	0.98635	0.9792	0.9218	1.00626	0.99038	0.99616	0.99583	0.98335	0.97097	0.9821	0.95969	0.96866	0.97261	0.95756	0.96502	0.96632	0.94232	0.9571	0.94813	0.96825	0.98166	0.96199	0.93765	0.99523	0.95689	0.99239	0.98641	1.00094	0.97196	0.94394	1.00722	0.97917	0.96168	0.9515	0.97985	0.96983	0.99027	0.96979	0.97317	0.96576	1.00253	0.95601	0.99778	0.98449
660	0.99535	0.94827	0.99237	0.98896	0.92734	1.01371	0.99748	0.99968	0.99918	0.99095	0.9824	0.99389	0.96728	0.98289	0.98867	0.96041	0.96907	0.97893	0.95059	0.9643	0.95843	0.96263	0.99661	0.96481	0.95362	1.0012	0.95848	1.01218	0.99598	1.01393	0.9719	0.95732	1.00204	0.99151	0.98108	0.96361	0.98957	0.96868	0.98955	0.97978	0.97129	0.97978	0.99889	0.96063	1.00594	0.98727
675	0.98731	0.9543	0.9823	0.97997	0.92511	0.99988	0.99855	0.9765	0.98953	0.97908	0.98271	0.98185	0.9635	0.98602	0.98571	0.95091	0.96404	0.97508	0.94471	0.95499	0.95895	0.94961	0.99093	0.96134	0.94628	0.98705	0.95835	1.00967	0.99255	1.00434	0.95719	0.96278	0.98994	0.98682	0.98189	0.9676	0.97955	0.95255	0.98554	0.96667	0.96829	0.98498	0.99289	0.96288	0.99385	0.97331
690	0.96309	0.94478	0.95623	0.95669	0.92503	0.98553	0.97862	0.9571	0.96135	0.96562	0.9734	0.95963	0.95254	0.96866	0.96432	0.94702	0.94725	0.95617	0.93166	0.94712	0.9481	0.9268	0.977	0.96136	0.93509	0.96809	0.93874	0.99398	0.97521	0.97286	0.93123	0.95065	0.97468	0.97382	0.96954	0.94943	0.94972	0.93939	0.96347	0.94742	0.94369	0.97034	0.96906	0.96552	0.96614	0.9488
705	0.93579	0.91592	0.93049	0.93868	0.92418	0.94318	0.94763	0.93338	0.93758	0.94322	0.96136	0.92653	0.92198	0.93974	0.93639	0.92659	0.91256	0.92609	0.91894	0.92482	0.92788	0.90119	0.95671	0.93167	0.91628	0.94001	0.91707	0.96092	0.94975	0.93888	0.91055	0.93118	0.9573	0.94097	0.95659	0.93064	0.92514	0.92497	0.94468	0.92035	0.92618	0.95117	0.93352	0.95929	0.94465	0.92798
720	0.91177	0.90041	0.90986	0.91179	0.9093	0.91518	0.92523	0.91622	0.91514	0.92229	0.9361	0.89938	0.88717	0.9122	0.91079	0.90075	0.88665	0.89045	0.90057	0.89807	0.89925	0.88588	0.93908	0.90917	0.89486	0.91472	0.90402	0.93153	0.92028	0.91301	0.89062	0.91946	0.9353	0.91227	0.92304	0.91883	0.89762	0.91228	0.92384	0.88984	0.91413	0.92219	0.89955	0.94756	0.91597	0.89724
735	0.89939	0.89041	0.89295	0.8857	0.9077	0.8915	0.91172	0.89466	0.90073	0.89372	0.91803	0.88948	0.86922	0.88198	0.88671	0.89022	0.87039	0.85727	0.8884	0.88443	0.88232	0.87787	0.92356	0.89141	0.88163	0.89799	0.89939	0.9149	0.90903	0.90713	0.88605	0.89212	0.91551	0.89298	0.90354	0.90834	0.89031	0.90739	0.90315	0.87779	0.8914	0.90236	0.8769	0.92572	0.90356	0.87336
750	0.89683	0.8955	0.90197	0.87146	0.90307	0.8866	0.90642	0.89382	0.8956	0.89349	0.90354	0.89395	0.859	0.87547	0.88624	0.88497	0.87217	0.84938	0.88714	0.87836	0.88209	0.86637	0.92056	0.89118	0.88248	0.89395	0.8862	0.9143	0.89865	0.91206	0.88908	0.87467	0.91727	0.88869	0.89143	0.89483	0.88558	0.90465	0.90417	0.88042	0.88544	0.88987	0.87255	0.9162	0.89432	0.87564
765	0.91578	0.90327	0.92801	0.8787	0.91075	0.88976	0.92443	0.90835	0.90158	0.90077	0.91623	0.9135	0.87378	0.88266	0.90458	0.89176	0.88915	0.86945	0.88879	0.89588	0.89337	0.88896	0.92288	0.89572	0.88662	0.8919	0.89838	0.91318	0.91094	0.92539	0.91323	0.89177	0.92096	0.89678	0.89533	0.90557	0.89158	0.90794	0.91724	0.90029	0.90495	0.89616	0.89114	0.92994	0.90783	0.88863
780	0.93561	0.93576	0.94653	0.89557	0.91729	0.92634	0.94079	0.92159	0.92116	0.92762	0.92996	0.92276	0.88793	0.89887	0.91933	0.91328	0.90926	0.89022	0.9017	0.91403	0.91819	0.91709	0.92906	0.90765	0.90455	0.90768	0.91757	0.93828	0.92729	0.93799	0.93717	0.91408	0.94177	0.92253	0.91275	0.91722	0.91649	0.9265	0.94702	0.91939	0.92743	0.91447	0.91376	0.93895	0.93183	0.91689
795	0.96283	0.96482	0.96805	0.92606	0.94408	0.94664	0.95449	0.93837	0.94579	0.95297	0.94861	0.94447	0.92983	0.92611	0.94293	0.93255	0.93484	0.92808	0.92252	0.93387	0.93679	0.94737	0.95151	0.93447	0.93832	0.92402	0.94564	0.97137	0.94744	0.95493	0.96429	0.93064	0.96695	0.94976	0.94455	0.94053	0.94218	0.94695	0.9679	0.94712	0.94719	0.94314	0.94616	0.95819	0.96248	0.94627
810	0.98648	0.98582	0.98673	0.94675	0.96249	0.97165	0.98029	0.94988	0.97322	0.97152	0.97211	0.97717	0.95656	0.94917	0.9686	0.96315	0.96311	0.96004	0.94932	0.95266	0.95771	0.95902	0.98305	0.96175	0.96531	0.93898	0.97194	0.9881	0.96846	0.98286	0.9819	0.95795	0.98136	0.97591	0.96866	0.95938	0.97104	0.96847	0.99353	0.97647	0.96777	0.9718	0.97838	0.98945	0.99676	0.97876
825	1.002	0.99892	0.98739	0.96587	0.98344	0.98818	0.99783	0.97278	0.99545	0.98638	0.99347	0.98429	0.98875	0.97406	0.98328	0.98847	0.98278	0.98487	0.97539	0.97593	0.9743	0.97317	1.00538	0.9735	0.98201	0.95303	0.98763	1.00247	0.98132	0.99614	0.99228	0.96903	0.99189	0.99927	0.99745	0.97894	0.98607	0.99083	1.01773	0.99096	0.98521	1.00318	1.00489	1.01215	1.01868	1.00401
840	1.00873	1.00043	0.9832	0.97181	0.99664	0.99975	0.99631	0.99247	1.00339	0.99905	0.99947	0.98884	1.00066	0.9783	0.98282	1.00683	0.98952	1.00374	0.98592	0.99042	0.9751	0.99107	1.01555	0.9842	0.99408	0.95579	0.98285	1.00261	0.98807	0.99128	0.98905	0.97137	1.00981	1.01159	1.00971	0.98212	0.9929	1.00553	1.01961	1.00431	0.99067	1.00667	1.01529	1.03457	1.02657	1.00866
855	1.00593	0.9886	0.97433	0.98506	0.99518	0.98991	0.98708	0.98669	1.00461	0.9939	0.99388	0.97427	0.99021	0.98132	0.98319	0.99547	0.97986	1.00104	0.98352	0.99266	0.9668	0.98512	1.01601	0.97686	0.99003	0.9575	0.96745	0.99471	0.9874	0.99273	0.97981	0.96806	1.0083	1.00406	1.00255	0.98094	0.99346	1.00663	1.01052	0.99317	0.98654	1.00776	1.00824	1.04025	1.02685	0.9968
870	0.99521	0.97553	0.94455	0.97773	0.97903	0.98165	0.98455	0.97066	0.99936	0.98798	0.98479	0.96346	0.96331	0.96638	0.97429	0.98473	0.96851	0.98288	0.97112	0.97658	0.94562	0.97157	1.00549	0.97251	0.9781	0.96306	0.94746	0.98037	0.97034	0.98054	0.96204	0.95372	0.99108	1.00052	0.98155	0.97398	0.98104	0.99425	0.98268	0.98297	0.96377	0.98643	0.99427	1.03372	1.01056	0.97382
885	0.98806	0.95558	0.92672	0.94766	0.95394	0.97499	0.9612	0.94439	0.97941	0.96367	0.96859	0.93871	0.94609	0.95424	0.95225	0.97068	0.95324	0.95466	0.95759	0.95978	0.93474	0.9447	0.98683	0.96255	0.96322	0.95399	0.92015	0.96358	0.95668	0.97391	0.95197	0.9238	0.97463	0.98072	0.97016	0.95944	0.96579	0.9784	0.96519	0.96863	0.93229	0.97801	0.97758	1.01165	0.97976	0.94664
900	0.96607	0.92499	0.9208	0.92406	0.92708	0.9664	0.94444	0.92732	0.96017	0.95302	0.95048	0.92122	0.92894	0.94892	0.94129	0.94277	0.93705	0.93877	0.93887	0.94997	0.92641	0.92208	0.96493	0.94544	0.93684	0.93757	0.89542	0.9413	0.93573	0.95358	0.93557	0.90891	0.96706	0.95829	0.95054	0.94673	0.94438	0.94357	0.93793	0.95539	0.91359	0.95408	0.96891	0.97998	0.96147	0.92802
915	0.95248	0.91292	0.91741	0.92221	0.9099	0.95649	0.93355	0.91632	0.94322	0.93705	0.93901	0.91828	0.91813	0.93764	0.93131	0.9213	0.91613	0.92344	0.91614	0.9418	0.9213	0.9057	0.93533	0.93171	0.91989	0.93009	0.89378	0.91562	0.93686	0.93481	0.92805	0.9017	0.95634	0.94483	0.92801	0.93094	0.93146	0.92543	0.92126	0.94055	0.89961	0.93523	0.95448	0.94956	0.9522	0.90655
930	0.94727	0.91788	0.92435	0.9264	0.89987	0.94964	0.92863	0.90038	0.93622	0.93131	0.92105	0.90864	0.90885	0.92621	0.92672	0.9124	0.90288	0.9183	0.90965	0.93401	0.92198	0.88899	0.92172	0.93437	0.9132	0.92248	0.90516	0.90741	0.93063	0.9303	0.92876	0.90498	0.9564	0.94696	0.92401	0.91056	0.92786	0.91192	0.91408	0.92652	0.89425	0.92854	0.94288	0.93466	0.94882	0.90939
945	0.95623	0.92773	0.94295	0.94334	0.91279	0.94204	0.93059	0.90684	0.93744	0.9354	0.92702	0.91427	0.92505	0.92525	0.93005	0.90632	0.90596	0.92515	0.91144	0.93665	0.93245	0.88637	0.93056	0.9507	0.92427	0.9322	0.91641	0.92007	0.93449	0.93214	0.9337	0.92334	0.96393	0.94531	0.92292	0.90647	0.94003	0.91961	0.91659	0.92857	0.89305	0.93476	0.94534	0.94024	0.95017	0.90592
960	0.96802	0.93654	0.96125	0.94774	0.92646	0.94624	0.9549	0.92292	0.95259	0.94542	0.94057	0.93723	0.93728	0.93644	0.94627	0.92694	0.91966	0.93316	0.92177	0.94078	0.94542	0.89513	0.94133	0.96013	0.92273	0.94228	0.94393	0.92331	0.93689	0.94984	0.95586	0.9502	0.97198	0.95715	0.92993	0.91282	0.95733	0.93882	0.93747	0.93434	0.91577	0.93531	0.95934	0.94852	0.96965	0.92499
975	0.98332	0.96407	0.9804	0.9548	0.954	0.96056	0.97181	0.9478	0.9632	0.95997	0.95814	0.95536	0.9644	0.94784	0.95906	0.93738	0.93238	0.94227	0.93668	0.96319	0.96359	0.91369	0.95943	0.97116	0.95582	0.96025	0.97329	0.94123	0.952	0.96998	0.97198	0.96041	0.97723	0.96732	0.95569	0.93777	0.96896	0.96174	0.95139	0.94556	0.93886	0.9487	0.96302	0.95842	0.98169	0.95237
